0,0.00045260589678264296,0.002590977325780841,0.002630212082801092,1.3978559334621947,301.21110792192883,424.48392652123994,301.2115605278256,424.4865174985657
1,-0.02047226732861418,-0.17232155454973963,0.1735333740005453,-1.6890447904324282,301.2115605278256,424.4865174985657,301.191088260497,424.314195944016
2,0.0,0.0,0.0,0.0,301.191088260497,424.314195944016,301.191088260497,424.314195944016
3,0.15207944136636797,0.1063291830308799,0.18556414430142726,0.6101678169109772,301.191088260497,424.314195944016,301.34316770186336,424.42052512704686
4,0.0006176088710958538,-0.005553375634406166,0.005587613234152161,-1.4600382279876898,301.34316770186336,424.42052512704686,301.34378531073446,424.41497175141245
5,-0.0332516028693135,-0.1256459087157964,0.12997139481592393,-1.8295106297989605,301.34378531073446,424.41497175141245,301.31053370786515,424.28932584269666
6,-0.3047501771573593,-0.005932838014757635,0.30480792155774306,-3.122127238576713,301.31053370786515,424.28932584269666,301.0057835307078,424.2833930046819
7,0.22343278781175968,0.008489793579713023,0.22359402331985745,0.03797880967179313,301.0057835307078,424.2833930046819,301.22921631851955,424.2918827982616
8,0.14138894826658088,0.004822013540376702,0.14147115079235575,0.03409138670501236,301.22921631851955,424.2918827982616,301.37060526678613,424.296704811802
9,0.0,0.0,0.0,0.0,301.37060526678613,424.296704811802,301.37060526678613,424.296704811802
10,0.45232338683871376,0.8498717129390911,0.9627452283627634,1.0817019069020393,301.37060526678613,424.296704811802,301.82292865362484,425.1465765247411
11,0.0,0.0,0.0,0.0,301.82292865362484,425.1465765247411,301.82292865362484,425.1465765247411
12,0.43488273173682046,0.5924732683820366,0.734947320636093,0.9376060385162592,301.82292865362484,425.1465765247411,302.25781138536166,425.7390497931231
13,-0.2839923756860685,-0.40068895077820343,0.4911245307694929,-2.187377447102436,302.25781138536166,425.7390497931231,301.9738190096756,425.3383608423449
14,-0.0892255717297985,-0.09884586374289484,0.13316045745486288,-2.3050867053007504,301.9738190096756,425.3383608423449,301.8845934379458,425.239514978602
15,-0.6424181086723024,-0.5220528627543786,0.8277923760582361,-2.459193452352725,301.8845934379458,425.239514978602,301.2421753292735,424.71746211584764
16,0.0,0.0,0.0,0.0,301.2421753292735,424.71746211584764,301.2421753292735,424.71746211584764
17,0.2905468145910959,0.2908594638420823,0.4111163815460729,0.7859359099482639,301.2421753292735,424.71746211584764,301.5327221438646,425.0083215796897
18,0.07240389472150355,-0.05324482993614765,0.08987400005436419,-0.6340825294638697,301.5327221438646,425.0083215796897,301.6051260385861,424.9550767497536
19,0.9616656521236564,1.115898437782505,1.4731022197796908,0.8594995520340782,301.6051260385861,424.9550767497536,302.56679169070975,426.0709751875361
20,0.0002542548469364192,0.0017599413707216627,0.0017782123482779854,1.4273211914809503,302.56679169070975,426.0709751875361,302.5670459455567,426.0727351289068
21,-0.7595561854630546,-0.9627292775317073,1.2262843310961407,-2.238770044900387,302.5670459455567,426.0727351289068,301.80748976009363,425.1100058513751
22,-0.3090042559828703,-0.5365167413217478,0.619139599714018,-2.0933406790878997,301.80748976009363,425.1100058513751,301.49848550411076,424.57348911005334
23,-0.01551695794466923,0.18082310910887145,0.18148766561850826,1.6563995287896367,301.49848550411076,424.57348911005334,301.4829685461661,424.7543122191622
24,-0.11516227835983273,-0.2337993986494098,0.26062330894579105,-2.028481285072794,301.4829685461661,424.7543122191622,301.36780626780626,424.5205128205128
25,0.0,0.0,0.0,0.0,301.36780626780626,424.5205128205128,301.36780626780626,424.5205128205128
26,0.23176424042566168,0.16295174641635413,0.28331596284047195,0.6127985900508451,301.36780626780626,424.5205128205128,301.5995705082319,424.68346456692916
27,0.0,0.0,0.0,0.0,301.5995705082319,424.68346456692916,301.5995705082319,424.68346456692916
28,0.14259781860511112,-0.026903284988918585,0.1451134887394385,-0.18647360341773592,301.5995705082319,424.68346456692916,301.74216832683703,424.65656128194024
29,0.04003241242941158,0.175824273931255,0.18032406757937638,1.3469284798661287,301.74216832683703,424.65656128194024,301.78220073926644,424.8323855558715
30,0.001738612130452566,0.05839080240451722,0.05841668064503092,1.541029676441804,301.78220073926644,424.8323855558715,301.7839393513969,424.890776358276
31,0.17312455677938487,0.0749314495743647,0.18864473036736018,0.40847400636045295,301.7839393513969,424.890776358276,301.9570639081763,424.9657078078504
32,0.0,0.0,0.0,0.0,301.9570639081763,424.9657078078504,301.9570639081763,424.9657078078504
33,0.003709094419605208,-0.013876253192165677,0.014363418258431196,-1.3096046292499728,301.9570639081763,424.9657078078504,301.9607730025959,424.9518315546582
34,0.0,0.0,0.0,0.0,301.9607730025959,424.9518315546582,301.9607730025959,424.9518315546582
35,0.2831674651574758,0.04816844534178699,0.28723511702150034,0.16849304246491736,301.9607730025959,424.9518315546582,302.24394046775336,425.0
36,-0.0027223374417530977,0.005524079320139208,0.006158455446129366,2.028677726930436,302.24394046775336,425.0,302.2412181303116,425.00552407932014
37,-0.01877466565508712,-0.10138526549565086,0.10310897211243995,-1.7539034867690264,302.2412181303116,425.00552407932014,302.2224434646565,424.9041388138245
38,0.06285829682195754,0.022225610085399694,0.06667190730004308,0.3398630154400436,302.2224434646565,424.9041388138245,302.2853017614785,424.9263644239099
39,0.0712371336737192,-0.07616712965960915,0.10428883379648585,-0.818831110881693,302.2853017614785,424.9263644239099,302.3565388951522,424.8501972942503
40,0.11518900381452113,0.00758112136395539,0.11543820858327968,0.06571984680136457,302.3565388951522,424.8501972942503,302.4717278989667,424.85777841561423
41,0.0,0.0,0.0,0.0,302.4717278989667,424.85777841561423,302.4717278989667,424.85777841561423
42,0,0,0,0,302.4717278989667,424.85777841561423,0,0
45,0,0,0,0,303.50675477239355,426.36563876651985,0,0
52,0.1693340456551482,-0.1156644231857058,0.20506652044841903,-0.5992625488112866,304.22065217391304,427.0813664596273,304.3899862195682,426.9657020364416
53,-0.8332942265816428,-0.43472599903657283,0.9398755036134544,-2.6607395266539102,304.3899862195682,426.9657020364416,303.55669199298654,426.530976037405
54,0,0,0,0,303.55669199298654,426.530976037405,0,0
59,0.0,0.0,0.0,0.0,303.74256065924004,425.7970395238822,303.74256065924004,425.7970395238822
60,-0.2338129612658122,0.18930178980718892,0.3008382762882631,2.4610077931526466,303.74256065924004,425.7970395238822,303.50874769797423,425.98634131368937
61,0.3434962262840031,0.40906646922400114,0.5341582478205702,0.8723079574881446,303.50874769797423,425.98634131368937,303.85224392425823,426.39540778291337
62,0.2688468167677911,0.6814678910968155,0.7325824851046573,1.1950304823574738,303.85224392425823,426.39540778291337,304.121090741026,427.0768756740102
63,0,0,0,0,304.121090741026,427.0768756740102,0,0
70,0,0,0,0,306.01954447522314,427.8167128347184,0,0
72,0.15113426421589793,0.0006295665304492104,0.15113557547479384,0.004165586753438853,305.76207159177454,427.7192688499619,305.91320585599044,427.71989841649236
73,0.0,0.0,0.0,0.0,305.91320585599044,427.71989841649236,305.91320585599044,427.71989841649236
74,0.544484167762505,-0.20980340461585456,0.5835070501137339,-0.367791925143602,305.91320585599044,427.71989841649236,306.45769002375295,427.5100950118765
75,0.0,0.0,0.0,0.0,306.45769002375295,427.5100950118765,306.45769002375295,427.5100950118765
76,-0.15165554099434075,0.12263388229712291,0.1950345410473508,2.4616089838368165,306.45769002375295,427.5100950118765,306.3060344827586,427.6327288941736
77,-0.07574015397182166,-0.07235559912697909,0.10474685507784637,-2.379044340444673,306.3060344827586,427.6327288941736,306.2302943287868,427.56037329504665
78,0.10179200214844286,-0.056200633176160864,0.11627606318924798,-0.5044636178435797,306.2302943287868,427.56037329504665,306.3320863309352,427.5041726618705
79,0.12105685882028183,0.061310458036359705,0.13569721932324874,0.46880225231954864,306.3320863309352,427.5041726618705,306.4531431897555,427.56548311990684
80,0.0,0.0,0.0,0.0,306.4531431897555,427.56548311990684,306.4531431897555,427.56548311990684
81,0.19858648474456686,-0.004543111149018841,0.1986384448743909,-0.022873252579708393,306.4531431897555,427.56548311990684,306.6517296745001,427.5609400087578
82,-0.0029506132337928648,0.01195076474709822,0.01230962617206222,1.8128528094512415,306.6517296745001,427.5609400087578,306.6487790612663,427.5728907735049
83,0.12598558675955474,0.01176568286712154,0.12653378744224394,0.09311903166209007,306.6487790612663,427.5728907735049,306.77476464802584,427.58465645637204
84,0.018670552879655133,-0.01914994816604576,0.02674528107151312,-0.7980730249383055,306.77476464802584,427.58465645637204,306.7934352009055,427.565506508206
85,0.04241914083121401,0.002700774707193432,0.04250503138308903,0.06358295138712453,306.7934352009055,427.565506508206,306.8358543417367,427.5682072829132
86,0.3652833478782327,0.030538341357498666,0.36655765512398875,0.08340783016108014,306.8358543417367,427.5682072829132,307.20113768961494,427.5987456242707
87,-0.09779951835224665,-0.14475433254352765,0.17469562839422634,-2.1649746328057886,307.20113768961494,427.5987456242707,307.1033381712627,427.45399129172716
88,0.14144684363725446,0.09900998541206718,0.17265626772938092,0.6107126543868937,307.1033381712627,427.45399129172716,307.24478501489995,427.55300127713923
89,0.0,0.0,0.0,0.0,307.24478501489995,427.55300127713923,307.24478501489995,427.55300127713923
90,0.08715803126716537,0.0018671249893600361,0.08717802802366012,0.021419018119257865,307.24478501489995,427.55300127713923,307.3319430461671,427.5548684021286
91,0.0,0.0,0.0,0.0,307.3319430461671,427.5548684021286,307.3319430461671,427.5548684021286
92,0.008784175509163106,0.07323773292688429,0.07376264138197203,1.4514259865163952,307.3319430461671,427.5548684021286,307.3407272216763,427.6281061350555
93,0.021551539385654905,-0.04403533859527897,0.049026318392189114,-1.115652809203967,307.3407272216763,427.6281061350555,307.36227876106193,427.5840707964602
94,0.32400942418007617,-0.003376138906844517,0.32402701318165256,-0.0104195016441931,307.36227876106193,427.5840707964602,307.686288185242,427.58069465755335
95,0.054187001036666516,-0.0752820327817858,0.0927556765977456,-0.9469138077953562,307.686288185242,427.58069465755335,307.7404751862787,427.50541262477157
96,0.0,0.0,0.0,0.0,307.7404751862787,427.50541262477157,307.7404751862787,427.50541262477157
97,0.075259803369363,0.019225056387881523,0.07767651380122827,0.2501007076095348,307.7404751862787,427.50541262477157,307.81573498964804,427.52463768115945
98,0.0,0.0,0.0,0.0,307.81573498964804,427.52463768115945,307.81573498964804,427.52463768115945
99,0.23270229894620797,0.021837761947040235,0.23372472650899806,0.09357016330614029,307.81573498964804,427.52463768115945,308.04843728859424,427.5464754431065
100,-0.0010567552247948697,-0.0021408011679682204,0.002387417275196222,-2.0293317865384792,308.04843728859424,427.5464754431065,308.04738053336945,427.5443346419385
101,0.26619971354415384,0.06183819756762432,0.2732878522170389,0.22825174518451172,308.04738053336945,427.5443346419385,308.3135802469136,427.60617283950614
102,-0.08276994121342796,0.02765441987179429,0.08726757763866148,2.81914157956107,308.3135802469136,427.60617283950614,308.2308103057002,427.63382725937794
103,0.09073397075769662,0.04206366934778316,0.10001002813947299,0.43410051574122044,308.2308103057002,427.63382725937794,308.32154427645787,427.6758909287257
104,0.07155735598024648,-0.0040899808583958475,0.07167414553593061,-0.05709455972017553,308.32154427645787,427.6758909287257,308.3931016324381,427.6718009478673
105,0.0,0.0,0.0,0.0,308.3931016324381,427.6718009478673,308.3931016324381,427.6718009478673
106,0.09386645266823734,-0.07844988403752495,0.12233272351263808,-0.696169060243822,308.3931016324381,427.6718009478673,308.48696808510635,427.5933510638298
107,0.0,0.0,0.0,0.0,308.48696808510635,427.5933510638298,308.48696808510635,427.5933510638298
108,0.10804999444366103,-0.04989318248522068,0.11901315455771565,-0.43259052439304485,308.48696808510635,427.5933510638298,308.59501807955,427.5434578813446
109,0.13444423004506234,0.07885692141547906,0.15586425198722345,0.5304636633325268,308.59501807955,427.5434578813446,308.7294623095951,427.62231480276006
110,-0.007694297331397593,-0.05026574808454143,0.05085123048582534,-1.722689677295711,308.7294623095951,427.62231480276006,308.7217680122637,427.5720490546755
111,0.04021504072733251,-0.011533056193172797,0.04183611939288698,-0.27928895675841614,308.7217680122637,427.5720490546755,308.761983052991,427.56051599848234
112,0.0,0.0,0.0,0.0,308.761983052991,427.56051599848234,308.761983052991,427.56051599848234
113,0.24766486080426375,-0.10130036134415832,0.2675811026318047,-0.38825963355653575,308.761983052991,427.56051599848234,309.0096479137953,427.4592156371382
114,0.0,0.0,0.0,0.0,309.0096479137953,427.4592156371382,309.0096479137953,427.4592156371382
115,0.13758035403213853,-0.055554134129579325,0.14837323085548776,-0.3837728608552733,309.0096479137953,427.4592156371382,309.1472282678274,427.4036615030086
116,-0.0010361514860619536,0.033001336639301826,0.033017598790381374,1.60218327404045,309.1472282678274,427.4036615030086,309.14619211634135,427.4366628396479
117,0.046375021242965886,0.018981808436592473,0.05010939679151038,0.38850728077460034,309.14619211634135,427.4366628396479,309.1925671375843,427.4556446480845
118,0.08185980568629248,-1.652668612450725e-05,0.08185980735457979,-0.0002018901188612787,309.1925671375843,427.4556446480845,309.2744269432706,427.4556281213984
119,0.1396063983566478,0.12411808412537084,0.1868026907436498,0.7267363969021099,309.2744269432706,427.4556281213984,309.41403334162726,427.57974620552375
120,0.026015498421600114,-0.015033140810658097,0.030046655067700167,-0.523975943377594,309.41403334162726,427.57974620552375,309.44004884004886,427.5647130647131
121,0.0,0.0,0.0,0.0,309.44004884004886,427.5647130647131,309.44004884004886,427.5647130647131
122,0.20570165696904041,0.032578187772003275,0.20826547961272093,0.1570713142307605,309.44004884004886,427.5647130647131,309.6457504970179,427.5972912524851
123,-0.0006091980590667845,-0.0002411781172213523,0.0006552016173645894,-2.7646305654401084,309.6457504970179,427.5972912524851,309.64514129895883,427.59705007436787
124,0.15787756896571636,5.684387110704847e-05,0.15787757919904336,0.0003600503163502002,309.64514129895883,427.59705007436787,309.80301886792455,427.597106918239
125,0.1817720066001698,-0.02553817053876628,0.18355724049440078,-0.13958199972577812,309.80301886792455,427.597106918239,309.9847908745247,427.5715687477002
126,0.038898206289616155,-0.03696048119803663,0.05365768931793423,-0.7598598384924543,309.9847908745247,427.5715687477002,310.02368908081434,427.5346082665022
127,0.04624778174030553,0.023915288621651598,0.052065327673566364,0.4772434031122932,310.02368908081434,427.5346082665022,310.06993686255464,427.5585235551238
128,0.0,0.0,0.0,0.0,310.06993686255464,427.5585235551238,310.06993686255464,427.5585235551238
129,0.04444066660505541,0.003485490341518016,0.044577140904532034,0.07826997450470399,310.06993686255464,427.5585235551238,310.1143775291597,427.56200904546535
130,0.0,0.0,0.0,0.0,310.1143775291597,427.56200904546535,310.1143775291597,427.56200904546535
131,0.2237528089706302,-0.0874565709128774,0.24023732290817446,-0.37260444399519743,310.1143775291597,427.56200904546535,310.3381303381303,427.47455247455247
132,0.0013664436133922209,0.0017494564012849878,0.0022198571685082377,0.9077066465452095,310.3381303381303,427.47455247455247,310.3394967817437,427.47630193095375
133,0.3468217437761041,-0.12292291394049926,0.36796109132287474,-0.3406130425582876,310.3394967817437,427.47630193095375,310.6863185255198,427.35337901701325
134,0.016409825607127004,-0.09869337051264893,0.10004830713012251,-1.4060328422743342,310.6863185255198,427.35337901701325,310.70272835112695,427.2546856465006
135,0.010286630146481457,0.03487427859300851,0.03635973139550501,1.2839667962611938,310.70272835112695,427.2546856465006,310.71301498127343,427.2895599250936
136,0.11132339847927142,-0.016706579433162005,0.11257001752390021,-0.1489608402109975,310.71301498127343,427.2895599250936,310.8243383797527,427.27285334566045
137,0.12705050913621108,-0.011395012327113818,0.12756048830929398,-0.08944950218822131,310.8243383797527,427.27285334566045,310.9513888888889,427.26145833333334
138,-0.030724893468175196,-0.012002122686510575,0.03298590649978816,-2.769188243730677,310.9513888888889,427.26145833333334,310.92066399542074,427.2494562106468
139,0.0012593016599566909,-0.0016027475672899527,0.0020382935105679794,-0.9048270894377154,310.92066399542074,427.2494562106468,310.9219232970807,427.24785346307954
140,-0.02583692731013798,0.08604217344765175,0.0898376448067576,1.8625119381372586,310.9219232970807,427.24785346307954,310.89608636977056,427.3338956365272
141,0.07532624887824113,-0.01988111949759741,0.07790572945903575,-0.25804893562384557,310.89608636977056,427.3338956365272,310.9714126186488,427.3140145170296
142,0.1554719417121646,-0.08478594874520695,0.1770880621735287,-0.49926280014985935,310.9714126186488,427.3140145170296,311.12688456036096,427.2292285682844
143,0.039050267464347144,-0.07080471804169974,0.08085933147139945,-1.066786343728281,311.12688456036096,427.2292285682844,311.1659348278253,427.1584238502427
144,0.0,0.0,0.0,0.0,311.1659348278253,427.1584238502427,311.1659348278253,427.1584238502427
145,0.06377891714748785,0.09459247339111698,0.11408543419190414,0.9775625036805595,311.1659348278253,427.1584238502427,311.2297137449728,427.2530163236338
146,0.0,0.0,0.0,0.0,311.2297137449728,427.2530163236338,311.2297137449728,427.2530163236338
147,0.03912826777167311,-0.10381834516755362,0.11094715017584299,-1.2103682528775837,311.2297137449728,427.2530163236338,311.26884201274447,427.14919797846625
148,0.010312265418747302,-0.032360625751778116,0.03396399442223097,-1.2623029766068479,311.26884201274447,427.14919797846625,311.2791542781632,427.11683735271447
149,-0.05032158455293256,0.016149777563271073,0.05284957130631312,2.8310450360210933,311.2791542781632,427.11683735271447,311.2288326936103,427.13298713027774
150,0.10935972621479095,-0.04238385600098127,0.11728572362945949,-0.36973963861765624,311.2288326936103,427.13298713027774,311.3381924198251,427.09060327427676
151,0.12224826975136693,0.028816750840292116,0.12559874436551685,0.2314971820240625,311.3381924198251,427.09060327427676,311.46044068957644,427.11942002511705
152,0.05008977556605032,0.04861691597989193,0.06980394068856831,0.7704776928067275,311.46044068957644,427.11942002511705,311.5105304651425,427.16803694109694
153,0.0,0.0,0.0,0.0,311.5105304651425,427.16803694109694,311.5105304651425,427.16803694109694
154,0.13145713999250574,0.007261863683936554,0.1316575646105203,0.05518521404282279,311.5105304651425,427.16803694109694,311.641987605135,427.1752988047809
155,0.0,0.0,0.0,0.0,311.641987605135,427.1752988047809,311.641987605135,427.1752988047809
156,0.03368193639926176,-0.04922072942906652,0.05964187325305342,-0.9706825261722485,311.641987605135,427.1752988047809,311.67566954153426,427.1260780753518
157,0.10647091168539191,0.04163563342092402,0.11432226819600846,0.37276862310813813,311.67566954153426,427.1260780753518,311.78214045321965,427.16771370877274
158,0.08568661022786728,-0.0976407160720214,0.1299072923565092,-0.8505123324048164,311.78214045321965,427.16771370877274,311.8678270634475,427.0700729927007
159,0.1765358451582415,0.0015302983822493843,0.17654247771817788,0.008668268205738941,311.8678270634475,427.0700729927007,312.04436290860576,427.07160329108297
160,0.0,0.0,0.0,0.0,312.04436290860576,427.07160329108297,312.04436290860576,427.07160329108297
161,0.03296076398567038,-0.017714465089511577,0.03741943660621563,-0.4931498601052107,312.04436290860576,427.07160329108297,312.07732367259143,427.05388882599345
162,-0.0030942981580892592,0.0005082728279148796,0.0031357650356414095,2.97878543388387,312.07732367259143,427.05388882599345,312.07422937443334,427.05439709882137
163,0.032787570864059035,-0.03313018195569839,0.04661151960173983,-0.7905956707739886,312.07422937443334,427.05439709882137,312.1070169452974,427.02126691686567
164,-0.0003276028937762021,0.00027503324770350446,0.00042774635399133305,2.4432070404919557,312.1070169452974,427.02126691686567,312.1066893424036,427.0215419501134
165,0.10073717767716062,-0.01862518996080098,0.1024445053062181,-0.1828243789754471,312.1066893424036,427.0215419501134,312.2074265200808,427.0029167601526
166,0.11799947390517218,-0.04612869912125461,0.12669543292682908,-0.3726569014240091,312.2074265200808,427.0029167601526,312.32542599398596,426.9567880610313
167,0.18057782152294521,0.03434649176858784,0.1838152091715545,0.18795812482323365,312.32542599398596,426.9567880610313,312.5060038155089,426.9911345527999
168,0.015254783791874615,-0.07639450543325665,0.07790268858600916,-1.373704337386556,312.5060038155089,426.9911345527999,312.5212585993008,426.91474004736665
169,0.0,0.0,0.0,0.0,312.5212585993008,426.91474004736665,312.5212585993008,426.91474004736665
170,0.16742171281049423,0.008136804380512785,0.16761932318777076,0.04856244072142415,312.5212585993008,426.91474004736665,312.6886803121113,426.92287685174716
171,-0.0545561209431753,-0.027429014308154365,0.061063255385569705,-2.6757339386599823,312.6886803121113,426.92287685174716,312.6341241911681,426.895447837439
172,0.09850999917921399,0.037005928911924,0.10523145305906935,0.3593461735273227,312.6341241911681,426.895447837439,312.7326341903473,426.93245376635093
173,0.09306313238147368,0.005263271847809392,0.0932118481696165,0.05649574439587207,312.7326341903473,426.93245376635093,312.8256973227288,426.93771703819874
174,0.07454411713075615,-0.00016216550341141556,0.07454429352039221,-0.0021754264969274495,312.8256973227288,426.93771703819874,312.90024143985954,426.93755487269533
175,0.04933562264733382,0.016526199478676062,0.052029981080230187,0.32322731293445406,312.90024143985954,426.93755487269533,312.9495770625069,426.954081072174
176,0.0,0.0,0.0,0.0,312.9495770625069,426.954081072174,312.9495770625069,426.954081072174
177,0.15123291997997512,-0.021725555536534102,0.15278545692912196,-0.14268010075419535,312.9495770625069,426.954081072174,313.10080998248685,426.9323555166375
178,0.0,0.0,0.0,0.0,313.10080998248685,426.9323555166375,313.10080998248685,426.9323555166375
179,0.013816687099335923,-0.11387511374715586,0.11471025400254609,-1.4500545879006328,313.10080998248685,426.9323555166375,313.1146266695862,426.8184804028903
180,0.0036834978648130345,-0.0019104127403579696,0.004149437715956734,-0.47844889620396425,313.1146266695862,426.8184804028903,313.118310167451,426.81656999014996
181,0.05106870030056143,0.027688547553452736,0.05809189113816469,0.49682136425996837,313.118310167451,426.81656999014996,313.16937886775156,426.8442585377034
182,0.08849446170808051,-0.01218416234024744,0.08932929846884745,-0.1368225336117671,313.16937886775156,426.8442585377034,313.25787332945964,426.83207437536316
183,0.13873764340445405,0.020277799065070212,0.14021170718718468,0.14513167762936693,313.25787332945964,426.83207437536316,313.3966109728641,426.85235217442823
184,0.04220421469307212,-0.14752600791405257,0.15344418773259555,-1.2921587479756136,313.3966109728641,426.85235217442823,313.43881518755717,426.7048261665142
185,0.0,0.0,0.0,0.0,313.43881518755717,426.7048261665142,313.43881518755717,426.7048261665142
186,0.17466373694674076,0.10426154042488633,0.20341555942447093,0.5381570462975573,313.43881518755717,426.7048261665142,313.6134789245039,426.80908770693907
187,0.0,0.0,0.0,0.0,313.6134789245039,426.80908770693907,313.6134789245039,426.80908770693907
188,-0.03357249751547897,-0.14484244715083605,0.1486823697889887,-1.798560620877705,313.6134789245039,426.80908770693907,313.57990642698843,426.66424525978823
189,0.05439618513577216,-0.022796270138144337,0.05897978373592473,-0.3968443878971864,313.57990642698843,426.66424525978823,313.6343026121242,426.6414489896501
190,0.17635414128346838,-0.027322595598036514,0.17845813900756494,-0.15370821019651004,313.6343026121242,426.6414489896501,313.81065675340767,426.61412639405205
191,0.05521972818934273,0.01544316302840798,0.05733855304790032,0.2727003442020042,313.81065675340767,426.61412639405205,313.865876481597,426.62956955708046
192,0.0,0.0,0.0,0.0,313.865876481597,426.62956955708046,313.865876481597,426.62956955708046
193,0.12841201032182425,-0.020868621365309536,0.13009667079745335,-0.16110457257980815,313.865876481597,426.62956955708046,313.99428849191884,426.60870093571515
194,0.0,0.0,0.0,0.0,313.99428849191884,426.60870093571515,313.99428849191884,426.60870093571515
195,0.15076352840537766,0.02280160481228677,0.15247804654852715,0.15010327545027508,313.99428849191884,426.60870093571515,314.1450520203242,426.63150254052744
196,0.013624468022612746,0.002237345959713366,0.013806949186646664,0.16276260963562963,314.1450520203242,426.63150254052744,314.1586764883468,426.63373988648715
197,-0.009496975666593244,-0.07692735540808826,0.07751135759934921,-1.693628637307897,314.1586764883468,426.63373988648715,314.14917951268023,426.55681253107906
198,0.0342315550116723,-0.09128876957646526,0.09749583995895475,-1.212042305450784,314.14917951268023,426.55681253107906,314.1834110676919,426.4655237615026
199,0.07564532468950347,0.053958374685635135,0.09291782039036318,0.6196014256197172,314.1834110676919,426.4655237615026,314.2590563923814,426.51948213618823
200,0.09522791893704152,-0.04808513152335081,0.10667959701225768,-0.4675980381870195,314.2590563923814,426.51948213618823,314.35428431131845,426.4713970046649
201,0.0,0.0,0.0,0.0,314.35428431131845,426.4713970046649,314.35428431131845,426.4713970046649
202,0.18321412363837908,-0.061105280613276136,0.19313536812144605,-0.32191710141529106,314.35428431131845,426.4713970046649,314.53749843495683,426.4102917240516
203,0.0,0.0,0.0,0.0,314.53749843495683,426.4102917240516,314.53749843495683,426.4102917240516
204,0.040559074607529055,0.01535309885349534,0.04336768586660243,0.361867740608254,314.53749843495683,426.4102917240516,314.57805750956436,426.4256448229051
205,0.15380728344740646,0.021626983652708986,0.1553203362840339,0.1396950674564228,314.57805750956436,426.4256448229051,314.73186479301177,426.4472718065578
206,0.008475827222071075,0.036586861464570575,0.03755579953783544,1.3431489332419893,314.73186479301177,426.4472718065578,314.74034062023384,426.4838586680224
207,0.10076272086951121,-0.15971984388357896,0.18884796648950675,-1.007985841938402,314.74034062023384,426.4838586680224,314.84110334110335,426.3241388241388
208,0.0,0.0,0.0,0.0,314.84110334110335,426.3241388241388,314.84110334110335,426.3241388241388
209,0.08690938592832254,-0.11573368029684161,0.14473260212367375,-0.926692032758164,314.84110334110335,426.3241388241388,314.92801272703167,426.20840514384196
210,0.0,0.0,0.0,0.0,314.92801272703167,426.20840514384196,314.92801272703167,426.20840514384196
211,0.27038084726552825,0.048756837416419785,0.27474175467678025,0.17840919353202572,314.92801272703167,426.20840514384196,315.1983935742972,426.2571619812584
212,0.000749894653552019,0.0020724941163621224,0.002203990438677427,1.2236198969736964,315.1983935742972,426.2571619812584,315.19914346895075,426.25923447537474
213,-0.07195281573780221,-0.027689069108134845,0.07709664221399778,-2.774238326245922,315.19914346895075,426.25923447537474,315.12719065321295,426.2315454062666
214,0.04522773452856654,-0.07058604584022987,0.08383279691114644,-1.0009540064304874,315.12719065321295,426.2315454062666,315.1724183877415,426.1609593604264
215,1.3899734994993196e-05,-0.020305029506573646,0.020305034264079914,-1.5701117804947133,315.1724183877415,426.1609593604264,315.1724322874765,426.1406543309198
216,0.1730491541587753,-0.00953544980092147,0.17331166884538812,-0.055046883010296005,315.1724322874765,426.1406543309198,315.3454814416353,426.1311188811189
217,0.0,0.0,0.0,0.0,315.3454814416353,426.1311188811189,315.3454814416353,426.1311188811189
218,0.077641166257024,-0.039261945656278385,0.08700374172682115,-0.4681849770800123,315.3454814416353,426.1311188811189,315.4231226078923,426.0918569354626
219,0.0,0.0,0.0,0.0,315.4231226078923,426.0918569354626,315.4231226078923,426.0918569354626
220,0.17077218632954327,0.01811853469274638,0.1717306638989802,0.10570225458338915,315.4231226078923,426.0918569354626,315.59389479422185,426.10997547015535
221,0.17476694081511823,-0.0031832710968160427,0.174795929062295,-0.018212363968328083,315.59389479422185,426.10997547015535,315.76866173503697,426.10679219905853
222,0.07956201893972548,0.03676559521505851,0.0876460144517865,0.4328704612031873,315.76866173503697,426.10679219905853,315.8482237539767,426.1435577942736
223,-0.01669402785779539,-0.00862125452744067,0.018788735874022095,-2.664889604457072,315.8482237539767,426.1435577942736,315.8315297261189,426.13493653974615
224,0.0,0.0,0.0,0.0,315.8315297261189,426.13493653974615,315.8315297261189,426.13493653974615
225,0.08100978916036183,-0.05893548600539589,0.100179725745774,-0.6289518963425766,315.8315297261189,426.13493653974615,315.91253951527926,426.07600105374075
226,0.0,0.0,0.0,0.0,315.91253951527926,426.07600105374075,315.91253951527926,426.07600105374075
227,0.12921270922447547,-0.07873890452788146,0.15131338113788773,-0.5472838721910518,315.91253951527926,426.07600105374075,316.04175222450374,425.9972621492129
228,0.005013808587989388,0.0042420214421099445,0.006567573560480056,0.7022067202008467,316.04175222450374,425.9972621492129,316.0467660330917,426.001504170655
229,0.037384293705656546,0.012112387079241671,0.03929752328872867,0.31332416382538986,316.0467660330917,426.001504170655,316.0841503267974,426.0136165577342
230,0.1014249298350478,-0.09107289688898845,0.13631320163431235,-0.731672513544186,316.0841503267974,426.0136165577342,316.18557525663243,425.92254366084524
231,-0.01534828734003213,0.07598771432162721,0.07752227197455851,1.7700986575075472,316.18557525663243,425.92254366084524,316.1702269692924,425.99853137516686
232,0.1509952671949577,-0.10855833626584399,0.18596903798236072,-0.6233324526312142,316.1702269692924,425.99853137516686,316.32122223648736,425.889973038901
233,0.0,0.0,0.0,0.0,316.32122223648736,425.889973038901,316.32122223648736,425.889973038901
234,0.0821680611973079,0.0934889236127674,0.12446593557756433,0.8497578422183906,316.32122223648736,425.889973038901,316.40339029768467,425.9834619625138
235,0.0,0.0,0.0,0.0,316.40339029768467,425.9834619625138,316.40339029768467,425.9834619625138
236,0.06052440980573692,-0.0876172386209646,0.10648936419143384,-0.9662837795410061,316.40339029768467,425.9834619625138,316.4639147074904,425.8958447238928
237,0.10645366384949284,-0.07787144093504139,0.13189520029280996,-0.6315591806950372,316.4639147074904,425.8958447238928,316.5703683713399,425.8179732829578
238,-0.025963156782609076,-0.017321463294535988,0.03121087311791032,-2.5532516913297734,316.5703683713399,425.8179732829578,316.5444052145573,425.80065181966324
239,0.11964565812570527,-0.016860722382773474,0.12082784226990939,-0.1400002418532168,316.5444052145573,425.80065181966324,316.664050872683,425.78379109728047
240,0.07638883417911302,0.009546677536320658,0.07698306982204928,0.12433015976711931,316.664050872683,425.78379109728047,316.7404397068621,425.7933377748168
241,0.08674580860878223,-0.1665305865989808,0.18776919764485367,-1.0905687344785773,316.7404397068621,425.7933377748168,316.8271855154709,425.6268071882178
242,0.0,0.0,0.0,0.0,316.8271855154709,425.6268071882178,316.8271855154709,425.6268071882178
243,0.10820190002573327,-0.007332409226648906,0.1084500594478667,-0.06766254579343081,316.8271855154709,425.6268071882178,316.9353874154966,425.61947477899116
244,0.021807484321243464,0.010501801805105515,0.02420442549566085,0.44879414334369394,316.9353874154966,425.61947477899116,316.95719489981786,425.62997658079627
245,0.031071766848810967,-0.0002432474629472381,0.03107271897396651,-0.007828408826976862,316.95719489981786,425.62997658079627,316.9882666666667,425.6297333333333
246,0.07034624939223022,-0.025304212527089476,0.07475893241058197,-0.3452983650929343,316.9882666666667,425.6297333333333,317.0586129160589,425.60442912080623
247,0.013607081271231891,-0.0749937984193707,0.07621825543849137,-1.3913062657341466,317.0586129160589,425.60442912080623,317.07221999733014,425.52943532238686
248,0.06314060546856126,0.01954207266157937,0.06609560244711411,0.30015024161410275,317.07221999733014,425.52943532238686,317.1353606027987,425.54897739504844
249,0.0,0.0,0.0,0.0,317.1353606027987,425.54897739504844,317.1353606027987,425.54897739504844
250,0.12774551104530474,-0.005618294556541059,0.12786899868987062,-0.04395204395715358,317.1353606027987,425.54897739504844,317.263106113844,425.5433591004919
251,0.0,0.0,0.0,0.0,317.263106113844,425.5433591004919,317.263106113844,425.5433591004919
252,0.04477332932401623,0.028069470936657126,0.0528445476602899,0.5599816091271177,317.263106113844,425.5433591004919,317.307879443168,425.57142857142856
253,0.1217848152255101,-0.16740533867601926,0.20701712160288663,-0.9418614414848613,317.307879443168,425.57142857142856,317.42966425839353,425.40402323275254
254,0.020072695964472587,-0.009028209291727762,0.02200958169292169,-0.42266731666835683,317.42966425839353,425.40402323275254,317.449736954358,425.3949950234608
255,0.17575324172042883,0.04618144712742378,0.18171936615017817,0.2569543501829532,317.449736954358,425.3949950234608,317.62549019607843,425.44117647058823
256,0.0,0.0,0.0,0.0,317.62549019607843,425.44117647058823,317.62549019607843,425.44117647058823
257,0.09601652044284492,-0.08416220663588092,0.12768104488831525,-0.7197008740752757,317.62549019607843,425.44117647058823,317.7215067165213,425.35701426395235
258,0.0,0.0,0.0,0.0,317.7215067165213,425.35701426395235,317.7215067165213,425.35701426395235
259,0.09431217671516379,-0.06313500179470566,0.11349367880357818,-0.5899103223702155,317.7215067165213,425.35701426395235,317.81581889323644,425.29387926215765
260,0.0016003714077896802,-0.0032319812964942685,0.0036065068617374754,-1.1110223575350022,317.81581889323644,425.29387926215765,317.81741926464423,425.29064728086115
261,0.06961413417701579,-0.09544660727146947,0.11813628789178067,-0.940641699919447,317.81741926464423,425.29064728086115,317.88703339882125,425.1952006735897
262,0.02955079459030685,0.0008971632546490582,0.029564410408868314,0.030350715485765654,317.88703339882125,425.1952006735897,317.91658419341155,425.19609783684433
263,0.11522242236452485,0.008595406016866036,0.11554257925173617,0.07446046197596445,317.91658419341155,425.19609783684433,318.0318066157761,425.2046932428612
264,0.12517344120396956,-0.07677301494095445,0.1468417045868361,-0.5501656120185096,318.0318066157761,425.2046932428612,318.15698005698005,425.12792022792024
265,0.0,0.0,0.0,0.0,318.15698005698005,425.12792022792024,318.15698005698005,425.12792022792024
266,0.14082870796016778,0.007964803383117669,0.14105375953395197,0.056496488064369556,318.15698005698005,425.12792022792024,318.2978087649402,425.13588503130336
267,0.0,0.0,0.0,0.0,318.2978087649402,425.13588503130336,318.2978087649402,425.13588503130336
268,0.14452637636725285,0.14230509144857706,0.20282655772367852,0.7776541019401547,318.2978087649402,425.13588503130336,318.44233514130747,425.27819012275194
269,-0.03301469692712544,-0.13131377013326073,0.13540042998381055,-1.8171095008751539,318.44233514130747,425.27819012275194,318.40932044438034,425.1468763526187
270,0.11874078010947642,-0.07077091044180861,0.138231308413722,-0.5374818669579953,318.40932044438034,425.1468763526187,318.5280612244898,425.07610544217687
271,0.022249685628878524,-0.03978548740013821,0.04558435606927534,-1.0608858043219014,318.5280612244898,425.07610544217687,318.5503109101187,425.03631995477673
272,0.0,0.0,0.0,0.0,318.5503109101187,425.03631995477673,318.5503109101187,425.03631995477673
273,0.1319333881882585,-0.005257970727484462,0.13203812015855418,-0.039832143634051353,318.5503109101187,425.03631995477673,318.68224429830695,425.03106198404924
274,0.006875590812910559,0.00580565281836698,0.00899885290878746,0.7012258219133716,318.68224429830695,425.03106198404924,318.68911988911987,425.0368676368676
275,0.07711574306404145,-0.04103430353427484,0.087353602643865,-0.48900690132226765,318.68911988911987,425.0368676368676,318.7662356321839,424.99583333333334
276,-0.0009720206338670323,-0.0033035243978360995,0.0034435588509217656,-1.8569580403010435,318.7662356321839,424.99583333333334,318.76526361155004,424.9925298089355
277,0.02963000547123329,-0.05593406425464309,0.06329736778309077,-1.083647811646694,318.76526361155004,424.9925298089355,318.7948936170213,424.93659574468086
278,0.11779149055070093,0.043147200275825526,0.12544527148441292,0.3511228702051479,318.7948936170213,424.93659574468086,318.912685107572,424.9797429449567
279,0.01501731167007847,-0.0791695985715819,0.08058129427963849,-1.3833381010893318,318.912685107572,424.9797429449567,318.92770241924205,424.9005733463851
280,0.10918747860131361,-0.09098197294582633,0.142125384377413,-0.6946972366417296,318.92770241924205,424.9005733463851,319.03688989784337,424.8095913734393
281,0.0,0.0,0.0,0.0,319.03688989784337,424.8095913734393,319.03688989784337,424.8095913734393
282,0.16545979116835952,0.018743111702406168,0.16651800722374147,0.1127981120824364,319.03688989784337,424.8095913734393,319.2023496890117,424.8283344851417
283,0.0,0.0,0.0,0.0,319.2023496890117,424.8283344851417,319.2023496890117,424.8283344851417
284,0.0577948357242235,-0.0177452689104598,0.060457734038702714,-0.2979020220864007,319.2023496890117,424.8283344851417,319.26014452473595,424.8105892162312
285,0.10977529832183563,-0.0896879168118403,0.14175520640772105,-0.6850293639564081,319.26014452473595,424.8105892162312,319.3699198230578,424.7209012994194
286,0.01987104100385295,0.011349663706653246,0.022883905628867798,0.5189481799830628,319.3699198230578,424.7209012994194,319.38979086406164,424.73225096312603
287,0.06651412127558842,0.026693318398884003,0.07167050701793509,0.38164212274874176,319.38979086406164,424.73225096312603,319.4563049853372,424.7589442815249
288,0.0,0.0,0.0,0.0,319.4563049853372,424.7589442815249,319.4563049853372,424.7589442815249
289,0.18937348718861813,-0.13031871673842943,0.22988102484182707,-0.6027334348054527,319.4563049853372,424.7589442815249,319.64567847252584,424.6286255647865
290,0.0,0.0,0.0,0.0,319.64567847252584,424.6286255647865,319.64567847252584,424.6286255647865
291,0.10333505622276107,-0.027864572678254262,0.10702601672071566,-0.2633880658418998,319.64567847252584,424.6286255647865,319.7490135287486,424.60076099210823
292,0.011460445013540266,-0.002933371851497668,0.011829897308410534,-0.2505765860382336,319.7490135287486,424.60076099210823,319.76047397376215,424.59782762025674
293,-0.02461963202546258,0.05595389234832737,0.06113071527470778,1.9853019944326988,319.76047397376215,424.59782762025674,319.7358543417367,424.65378151260506
294,0.09061828473596734,-0.05031650914008878,0.10365049262079505,-0.5068709430627399,319.7358543417367,424.65378151260506,319.82647262647265,424.603465003465
295,0.1757125688291694,0.0037461410310584142,0.1757524976128936,0.021316480846407658,319.82647262647265,424.603465003465,320.0021851953018,424.60721114449603
296,0.11387004252770794,-0.07854605871000331,0.13833246157044016,-0.6038385676340084,320.0021851953018,424.60721114449603,320.1160552378295,424.52866508578603
297,0.0,0.0,0.0,0.0,320.1160552378295,424.52866508578603,320.1160552378295,424.52866508578603
298,0.07708201707242779,-0.06451942752272544,0.10052061422322423,-0.6969118852588315,320.1160552378295,424.52866508578603,320.19313725490196,424.4641456582633
299,0.0,0.0,0.0,0.0,320.19313725490196,424.4641456582633,320.19313725490196,424.4641456582633
300,0.14588468687344402,0.0050928330603596805,0.14597355518292862,0.034895819360992536,320.19313725490196,424.4641456582633,320.3390219417754,424.46923849132367
301,0.027428029960049116,-0.060109039656083496,0.06607112437264838,-1.142711896698446,320.3390219417754,424.46923849132367,320.36644997173545,424.4091294516676
302,0.04797079868927767,-0.04776357047666124,0.06769458022298527,-0.7832335500954303,320.36644997173545,424.4091294516676,320.4144207704247,424.3613658811909
303,0.028620755950157672,-0.02747138062977683,0.039671456046691346,-0.7649101847537013,320.4144207704247,424.3613658811909,320.4430415263749,424.33389450056114
304,0.0,0.0,0.0,0.0,320.4430415263749,424.33389450056114,320.4430415263749,424.33389450056114
305,0.2217272557386991,-0.0022738923123029053,0.2217389152216237,-0.01025499816377231,320.4430415263749,424.33389450056114,320.6647687821136,424.33162060824884
306,0.0,0.0,0.0,0.0,320.6647687821136,424.33162060824884,320.6647687821136,424.33162060824884
307,0.12960950644912828,-0.04610413081877596,0.13756531190871277,-0.3417576170266935,320.6647687821136,424.33162060824884,320.7943782885627,424.28551647743006
308,0.05908074374008265,-0.04719677688939328,0.07561792135220646,-0.6740406182200006,320.7943782885627,424.28551647743006,320.8534590323028,424.23831970054067
309,0.015296031159266477,0.04428899511151485,0.04685598848827156,1.2382533606477724,320.8534590323028,424.23831970054067,320.86875506346206,424.2826086956522
310,0.22466016293418534,-0.036072486539183046,0.22753771796063668,-0.1592057959169389,320.86875506346206,424.2826086956522,321.09341522639625,424.246536209113
311,0.08069637628676674,0.0286172088975718,0.0856203818661346,0.34079195320110034,321.09341522639625,424.246536209113,321.174111602683,424.2751534180106
312,0.005841584705137848,-0.03282930951547769,0.03334497975903321,-1.3947013026638935,321.174111602683,424.2751534180106,321.17995318738815,424.2423241084951
313,0.0,0.0,0.0,0.0,321.17995318738815,424.2423241084951,321.17995318738815,424.2423241084951
314,0.16205325038009732,0.02926923914441204,0.16467526929945278,0.1786885218059226,321.17995318738815,424.2423241084951,321.34200643776825,424.2715933476395
315,-8.134715204732856e-05,-0.0018927166823345942,0.0018944639871831515,-1.6137489356790056,321.34200643776825,424.2715933476395,321.3419250906162,424.2697006309572
316,0.06268333072517862,-0.03228463863786146,0.07050884939338763,-0.47560981034382216,321.3419250906162,424.2697006309572,321.4046084213414,424.2374159923193
317,0.059905024735712686,-0.013961598085870719,0.0615104723579468,-0.22897480350243957,321.4046084213414,424.2374159923193,321.4645134460771,424.22345439423344
318,-0.049111845193863246,-0.04997937353238058,0.0700707579310743,-2.347439868076355,321.4645134460771,424.22345439423344,321.41540160088323,424.17347502070106
319,0.08501518155634358,-0.023155487497376726,0.08811218812570275,-0.265918412855774,321.41540160088323,424.17347502070106,321.5004167824396,424.1503195332037
320,0.0,0.0,0.0,0.0,321.5004167824396,424.1503195332037,321.5004167824396,424.1503195332037
321,0.2361873014305047,-0.062064085759516274,0.24420563486166463,-0.2569654571675268,321.5004167824396,424.1503195332037,321.7366040838701,424.08825544744417
322,0.0,0.0,0.0,0.0,321.7366040838701,424.08825544744417,321.7366040838701,424.08825544744417
323,0.07375719765684607,0.015221035173397013,0.07531138106515409,0.20350989840831835,321.7366040838701,424.08825544744417,321.8103612815269,424.10347648261757
324,-0.0009930898057746163,-0.0003991405696410766,0.0010702992836897855,-2.759434008291341,321.8103612815269,424.10347648261757,321.80936819172115,424.1030773420479
325,0.11515257505203635,0.03177356317041813,0.11945574434768474,0.26922668989869514,321.80936819172115,424.1030773420479,321.9245207667732,424.13485090521834
326,0.07074438474194267,-0.024326013443442207,0.0748099117936022,-0.33119254403639153,321.9245207667732,424.13485090521834,321.9952651515151,424.1105248917749
327,0.17131217359877837,-0.04405477652431955,0.17688607677752852,-0.2517068066936126,321.9952651515151,424.1105248917749,322.1665773251139,424.0664701152506
328,-0.02633262046975915,-0.04094715774499491,0.04868343278978872,-2.142297047913782,322.1665773251139,424.0664701152506,322.14024470464415,424.0255229575056
329,0.0,0.0,0.0,0.0,322.14024470464415,424.0255229575056,322.14024470464415,424.0255229575056
330,0.19629111748048444,-0.09071647932825044,0.216239872418225,-0.4329140688599191,322.14024470464415,424.0255229575056,322.33653582212463,423.93480647817734
331,0.0,0.0,0.0,0.0,322.33653582212463,423.93480647817734,322.33653582212463,423.93480647817734
332,-0.011998281319392845,-0.04090005815555742,0.0426236262153664,-1.8561467045736721,322.33653582212463,423.93480647817734,322.32453754080524,423.8939064200218
333,0.055742217834392704,-0.01266670526587177,0.05716327729748664,-0.22344281452677553,322.32453754080524,423.8939064200218,322.38027975863963,423.8812397147559
334,0.10039690206730256,-0.05054242414939836,0.11240139938456828,-0.4663847572351202,322.38027975863963,423.8812397147559,322.48067666070693,423.8306972906065
335,0.005494291343097757,-0.0015103552347000004,0.005698105851756762,-0.2682689317579091,322.48067666070693,423.8306972906065,322.48617095205003,423.8291869353718
336,0.0,0.0,0.0,0.0,322.48617095205003,423.8291869353718,322.48617095205003,423.8291869353718
337,0.2192925560972867,0.03662163644798966,0.22232941644283233,0.16547200632670794,322.48617095205003,423.8291869353718,322.7054635081473,423.8658085718198
338,0.0,0.0,0.0,0.0,322.7054635081473,423.8658085718198,322.7054635081473,423.8658085718198
339,0.11791818828123724,-0.1421757593197981,0.18471233219709635,-0.8783938016817492,322.7054635081473,423.8658085718198,322.82338169642856,423.7236328125
340,-0.004743303571387969,0.007533482142832781,0.008902375074479971,2.1327178890493106,322.82338169642856,423.7236328125,322.81863839285717,423.73116629464283
341,0.20968587113054582,0.05521573410004521,0.21683390381576118,0.2574808921819413,322.81863839285717,423.73116629464283,323.0283242639877,423.7863820287429
342,0.07484489501899816,-0.06502107387939304,0.09914382662997401,-0.715275929410832,323.0283242639877,423.7863820287429,323.1031691590067,423.7213609548635
343,-0.020456173067941563,0.030224377367005673,0.036496136834036866,2.165788679539983,323.1031691590067,423.7213609548635,323.08271298593877,423.7515853322305
344,-0.019223108511425835,-0.017251218472040364,0.02582890705415386,-2.4102043227008108,323.08271298593877,423.7515853322305,323.06348987742734,423.73433411375845
345,0.0,0.0,0.0,0.0,323.06348987742734,423.73433411375845,323.06348987742734,423.73433411375845
346,0.28309397350432164,-0.192443154476166,0.3423106272659426,-0.5970299091475264,323.06348987742734,423.73433411375845,323.34658385093167,423.5418909592823
347,0.0,0.0,0.0,0.0,323.34658385093167,423.5418909592823,323.34658385093167,423.5418909592823
348,-0.04624448441580853,0.056383927595561545,0.07292255912943185,2.257716450954743,323.34658385093167,423.5418909592823,323.30033936651586,423.59827488687785
349,0.1005015585016622,-0.06919289668866213,0.12201729473083274,-0.6029496956656476,323.30033936651586,423.59827488687785,323.4008409250175,423.5290819901892
350,0.07486841754302986,-0.055171955587127286,0.09300120767337061,-0.6350765372896174,323.4008409250175,423.5290819901892,323.47570934256055,423.47391003460206
351,0.015046959960443473,0.02594990937552666,0.029996813174889687,1.045327521867981,323.47570934256055,423.47391003460206,323.490756302521,423.4998599439776
352,0.0,0.0,0.0,0.0,323.490756302521,423.4998599439776,323.490756302521,423.4998599439776
353,0.15213935668634804,-0.09058520685169924,0.1770651392942749,-0.5370372402544072,323.490756302521,423.4998599439776,323.64289565920734,423.4092747371259
354,0.0,0.0,0.0,0.0,323.64289565920734,423.4092747371259,323.64289565920734,423.4092747371259
355,0.17221098391178202,-0.060137391656496675,0.18240923456643013,-0.33596875840210155,323.64289565920734,423.4092747371259,323.8151066431191,423.3491373454694
356,0.014882510893869494,-0.00816662963421777,0.016975952700470982,-0.5018753571332982,323.8151066431191,423.3491373454694,323.829989154013,423.34097071583517
357,0.10134363863369344,-0.05008128625962627,0.11304277210390443,-0.4589751232182068,323.829989154013,423.34097071583517,323.9313327926467,423.29088942957554
358,-0.0020203012924184804,-0.010767697662402043,0.010955588996537164,-1.756266106979907,323.9313327926467,423.29088942957554,323.92931249135427,423.28012173191314
359,0.15791920925113345,0.022299842109987367,0.15948592291683186,0.14028292183438074,323.92931249135427,423.28012173191314,324.0872317006054,423.3024215740231
360,0.07634897599211854,-0.014937236002822374,0.07779644692689446,-0.19320382502674682,324.0872317006054,423.3024215740231,324.1635806765975,423.2874843380203
361,0.0,0.0,0.0,0.0,324.1635806765975,423.2874843380203,324.1635806765975,423.2874843380203
362,0.0934378523188002,-0.20354273218089247,0.22396489919095008,-1.1404356212105373,324.1635806765975,423.2874843380203,324.2570185289163,423.0839416058394
363,0.0,0.0,0.0,0.0,324.2570185289163,423.0839416058394,324.2570185289163,423.0839416058394
364,0.058521720760836615,-0.093125132887792,0.10998673636479199,-1.0097412743791307,324.2570185289163,423.0839416058394,324.31554024967716,422.9908164729516
365,0.1494780138800138,-0.0058487853989390715,0.14959239594363224,-0.03910811460039943,324.31554024967716,422.9908164729516,324.46501826355717,422.9849676875527
366,-0.04478956766826059,-0.0056592203596324,0.045145676946841455,-3.0159073646275316,324.46501826355717,422.9849676875527,324.4202286958889,422.97930846719305
367,0.08268150366762939,-0.03238496386711631,0.08879761783637352,-0.37331630827995077,324.4202286958889,422.97930846719305,324.50291019955654,422.94692350332593
368,0.0,0.0,0.0,0.0,324.50291019955654,422.94692350332593,324.50291019955654,422.94692350332593
369,0.2651043520035614,-0.08138551535893157,0.2773155595372663,-0.2978611339534363,324.50291019955654,422.94692350332593,324.7680145515601,422.865537987967
370,0.0,0.0,0.0,0.0,324.7680145515601,422.865537987967,324.7680145515601,422.865537987967
371,0.11456888311090552,0.09879115674317518,0.15128027507885797,0.711583682599341,324.7680145515601,422.865537987967,324.882583434671,422.9643291447102
372,0.012866186130736423,0.00018873177953082632,0.012867570292613876,0.014667768880179967,324.882583434671,422.9643291447102,324.89544962080174,422.9645178764897
373,0.06963190093739513,-0.051882006924472535,0.08683515573007412,-0.6403510542683168,324.89544962080174,422.9645178764897,324.96508152173914,422.91263586956524
374,0.09028416520550309,-0.014891508662969954,0.09150403005941259,-0.16346862310590132,324.96508152173914,422.91263586956524,325.05536568694464,422.89774436090227
375,0.051452802956418964,-0.060547668479898675,0.07945697634835969,-0.8664241933197232,325.05536568694464,422.89774436090227,325.10681848990106,422.83719669242237
376,0.18710576049346628,0.0035450224645501294,0.18713934058372794,0.018944357221221977,325.10681848990106,422.83719669242237,325.2939242503945,422.8407417148869
377,0.0,0.0,0.0,0.0,325.2939242503945,422.8407417148869,325.2939242503945,422.8407417148869
378,0.05781076537834906,-0.08679849722130939,0.10428836806426772,-0.9832317308034202,325.2939242503945,422.8407417148869,325.3517350157729,422.7539432176656
379,0.0,0.0,0.0,0.0,325.3517350157729,422.7539432176656,325.3517350157729,422.7539432176656
380,0.034491323333043056,-0.009950735453230664,0.03589802949083281,-0.2808729280521986,325.3517350157729,422.7539432176656,325.3862263391059,422.7439924822124
381,-0.027114752271529596,-0.06684503773817596,0.07213507372259759,-1.9561518437159806,325.3862263391059,422.7439924822124,325.3591115868344,422.6771474444742
382,0.07801659055877508,-0.08290731467428714,0.1138429234907327,-0.8157803442030201,325.3591115868344,422.6771474444742,325.43712817739316,422.5942401297999
383,0.14456512600139604,-0.06643666922667535,0.1591003038140851,-0.43077735101402265,325.43712817739316,422.5942401297999,325.58169330339456,422.52780346057324
384,0.0,0.0,0.0,0.0,325.58169330339456,422.52780346057324,325.58169330339456,422.52780346057324
385,0.08747270555045361,0.01573771280220626,0.08887716141147334,0.17801127988967017,325.58169330339456,422.52780346057324,325.669166008945,422.54354117337544
386,0.0,0.0,0.0,0.0,325.669166008945,422.54354117337544,325.669166008945,422.54354117337544
387,0.1508522368519607,-0.04295470133058643,0.15684866505533268,-0.2774050216209547,325.669166008945,422.54354117337544,325.820018245797,422.50058647204486
388,-0.0012601604153701373,-0.0014920347874181061,0.0019529905476810762,-2.2721422878335487,325.820018245797,422.50058647204486,325.8187580853816,422.49909443725744
389,0.1569319627318464,-0.006944525887490727,0.1570855415583231,-0.044222974758580745,325.8187580853816,422.49909443725744,325.97569004811345,422.49214991136995
390,0.08500646929945788,-0.04264742380775033,0.09510469273488845,-0.46500365925867065,325.97569004811345,422.49214991136995,326.0606965174129,422.4495024875622
391,-0.04316372225650866,-0.029598350327091794,0.05233707348641378,-2.540513078847026,326.0606965174129,422.4495024875622,326.0175327951564,422.4199041372351
392,-0.02021890413567462,-0.03297653426761826,0.038681467096673076,-2.1208143785599174,326.0175327951564,422.4199041372351,325.9973138910207,422.3869276029675
393,-0.04726305217985782,0.025502493626333944,0.05370449964869952,2.64677977584689,325.9973138910207,422.3869276029675,325.95005083884087,422.4124300965938
394,0.19336354160378733,-0.007671287596281218,0.19351565279052868,-0.039652080332204666,325.95005083884087,422.4124300965938,326.14341438044465,422.40475880899754
395,0.0,0.0,0.0,0.0,326.14341438044465,422.40475880899754,326.14341438044465,422.40475880899754
396,0.07276951538312915,-0.02607159135203574,0.07729896664718756,-0.34402878795440917,326.14341438044465,422.40475880899754,326.2161838958278,422.3786872176455
397,0.10897186741209453,-0.07313166208996336,0.1312368389108778,-0.5910696186115126,326.2161838958278,422.3786872176455,326.3251557632399,422.30555555555554
398,0.05395932762132816,-0.019276914523175037,0.057299288572194546,-0.3431180514689707,326.3251557632399,422.30555555555554,326.3791150908612,422.28627864103237
399,0.1734579090078796,-0.05215529416841491,0.18112929334367683,-0.29208037272415976,326.3791150908612,422.28627864103237,326.5525729998691,422.23412334686395
400,0.0,0.0,0.0,0.0,326.5525729998691,422.23412334686395,326.5525729998691,422.23412334686395
401,0.22862845015680477,-0.04536104753719883,0.23308494772244429,-0.1958615203203221,326.5525729998691,422.23412334686395,326.7812014500259,422.18876229932675
402,0.0,0.0,0.0,0.0,326.7812014500259,422.18876229932675,326.7812014500259,422.18876229932675
403,-0.034859986611252225,-0.05843084216604666,0.06803956189431366,-2.108713921648157,326.7812014500259,422.18876229932675,326.74634146341464,422.1303314571607
404,0.017013504134013147,-0.007390868044410581,0.018549508170514168,-0.40981549552212637,326.74634146341464,422.1303314571607,326.76335496754865,422.1229405891163
405,0.08155513463736952,-0.02916229394105585,0.08661223570387738,-0.34340950144985916,326.76335496754865,422.1229405891163,326.844910102186,422.09377829517524
406,0.011857801825954084,-0.06065743528273515,0.0618055977984422,-1.3777429511684116,326.844910102186,422.09377829517524,326.856767904012,422.0331208598925
407,-0.06593906634645919,-0.09638716690574256,0.1167837592080261,-2.1707755323317772,326.856767904012,422.0331208598925,326.7908288376655,421.93673369298676
408,0.06747775329966998,-0.054235544381469936,0.08657217488734771,-0.6770260509975151,326.7908288376655,421.93673369298676,326.8583065909652,421.8824981486053
409,0.0,0.0,0.0,0.0,326.8583065909652,421.8824981486053,326.8583065909652,421.8824981486053
410,0.19651661958056366,-0.05879480993337438,0.20512340540872853,-0.2907088508663035,326.8583065909652,421.8824981486053,327.05482321054575,421.8237033386719
411,0.0,0.0,0.0,0.0,327.05482321054575,421.8237033386719,327.05482321054575,421.8237033386719
412,0.08380645546606047,0.013600197673838466,0.08490281122879417,0.1608785577754363,327.05482321054575,421.8237033386719,327.1386296660118,421.83730353634576
413,0.0016446482026708509,-0.10076987051036213,0.10078329063086648,-1.554476942939469,327.1386296660118,421.83730353634576,327.1402743142145,421.7365336658354
414,0.034722522429831315,0.021912493850777537,0.04105862821199099,0.5629554790391303,327.1402743142145,421.7365336658354,327.1749968366443,421.7584461596862
415,0.1287211739785903,-0.13169579754230654,0.18415461905890576,-0.7968202077660801,327.1749968366443,421.7584461596862,327.3037180106229,421.62675036214387
416,0.0,0.0,0.0,0.0,327.3037180106229,421.62675036214387,327.3037180106229,421.62675036214387
417,0.12852386318206754,0.04891885391731421,0.13751886298187005,0.3636893541665977,327.3037180106229,421.62675036214387,327.43224187380497,421.6756692160612
418,0.0,0.0,0.0,0.0,327.43224187380497,421.6756692160612,327.43224187380497,421.6756692160612
419,0.15423825495571464,-0.0675226269810878,0.168370853909491,-0.4126465422493136,327.43224187380497,421.6756692160612,327.5864801287607,421.6081465890801
420,0.000444091150143322,-0.0001723444045182987,0.0004763607282347964,-0.3701914265783385,327.5864801287607,421.6081465890801,327.5869242199108,421.6079742446756
421,-0.06456598858432017,-0.04577089718617344,0.07914380526041076,-2.524917776313834,327.5869242199108,421.6079742446756,327.5223582313265,421.5622033474894
422,0.1835827326789854,-0.13537559808099786,0.2280990405364996,-0.6353941856183497,327.5223582313265,421.5622033474894,327.7059409640055,421.4268277494084
423,0.07219756413303458,-0.0231480957287431,0.07581769320291072,-0.31026666826480825,327.7059409640055,421.4268277494084,327.7781385281385,421.40367965367966
424,0.005749556762566499,0.03143853252390727,0.031959955103578436,1.3899127806862792,327.7781385281385,421.40367965367966,327.7838880849011,421.43511818620357
425,0.0,0.0,0.0,0.0,327.7838880849011,421.43511818620357,327.7838880849011,421.43511818620357
426,0.11205390721187314,-0.05425061210360127,0.12449581131533094,-0.4508853220290536,327.7838880849011,421.43511818620357,327.89594199211297,421.38086757409997
427,0.07855664616386093,-0.008498175734018787,0.07901497103283854,-0.10775989678005608,327.89594199211297,421.38086757409997,327.9744986382768,421.37236939836595
428,0.010243010087549465,0.058910222487156716,0.05979409309572263,1.398642518984536,327.9744986382768,421.37236939836595,327.9847416483644,421.4312796208531
429,0.042620936013634036,-0.0456720991559223,0.062469871362014866,-0.8199416518741741,327.9847416483644,421.4312796208531,328.027362584378,421.3856075216972
430,-0.00714826387144285,-0.10078043937863868,0.10103363122112972,-1.6416068182811283,328.027362584378,421.3856075216972,328.02021432050657,421.28482708231854
431,0.09563424034377022,-0.057310063328941396,0.11149148525738313,-0.5398774242858497,328.02021432050657,421.28482708231854,328.11584856085034,421.2275170189896
432,0.0,0.0,0.0,0.0,328.11584856085034,421.2275170189896,328.11584856085034,421.2275170189896
433,0.17334361915703766,-0.10013474922442356,0.20018735800419143,-0.5238356889195624,328.11584856085034,421.2275170189896,328.2891921800074,421.1273822697652
434,0.0,0.0,0.0,0.0,328.2891921800074,421.1273822697652,328.2891921800074,421.1273822697652
435,0.21030906687542483,-0.09059922737117176,0.22899371958694675,-0.4067653298261462,328.2891921800074,421.1273822697652,328.4995012468828,421.036783042394
436,0.005549258167718563,-0.00024482067061626367,0.005554656008498832,-0.044089139651615525,328.4995012468828,421.036783042394,328.5050505050505,421.0365382217234
437,-0.06240362510891373,0.07828965809659394,0.10011734610753237,2.2437581833271985,328.5050505050505,421.0365382217234,328.4426468799416,421.11482787982
438,0.1499141994311799,-0.11762355260469803,0.1905506948778769,-0.6652835045403671,328.4426468799416,421.11482787982,328.5925610793728,420.9972043272153
439,0.10381912254791814,-0.11380122453124386,0.15404262043807948,-0.8312353756460976,328.5925610793728,420.9972043272153,328.6963802019207,420.88340310268404
440,-0.05719337228737231,0.04912371198292931,0.07539377237268181,2.431951054028622,328.6963802019207,420.88340310268404,328.63918682963333,420.93252681466697
441,0.0,0.0,0.0,0.0,328.63918682963333,420.93252681466697,328.63918682963333,420.93252681466697
442,0.17426162667226208,-0.0854572175973658,0.19408773936018311,-0.45593499211420324,328.63918682963333,420.93252681466697,328.8134484563056,420.8470695970696
443,0.0,0.0,0.0,0.0,328.8134484563056,420.8470695970696,328.8134484563056,420.8470695970696
444,0.02411307341799329,-0.0016827486535930802,0.024171718033534646,-0.06967278244446838,328.8134484563056,420.8470695970696,328.8375615297236,420.845386848416
445,-0.02458396756469483,-0.05242141481988938,0.0578997080557483,-2.0093116237082627,328.8375615297236,420.845386848416,328.8129775621589,420.7929654335961
446,0.11550471442620847,-0.0015275903609790475,0.11551481544369503,-0.013224579744234797,328.8129775621589,420.7929654335961,328.9284822765851,420.79143784323514
447,0.08340893151103046,-0.03280406714407036,0.08962787890497267,-0.37471029342309875,328.9284822765851,420.79143784323514,329.01189120809613,420.7586337760911
448,0.0,0.0,0.0,0.0,329.01189120809613,420.7586337760911,329.01189120809613,420.7586337760911
449,0.03916168122805175,-0.06470625405387409,0.07563422895946013,-1.0265455947577888,329.01189120809613,420.7586337760911,329.0510528893242,420.6939275220372
450,0.0,0.0,0.0,0.0,329.0510528893242,420.6939275220372,329.0510528893242,420.6939275220372
451,0.21584746120163345,-0.035439790439795615,0.21873752593829732,-0.16273706289470147,329.0510528893242,420.6939275220372,329.2669003505258,420.6584877315974
452,0.0,0.0,0.0,0.0,329.2669003505258,420.6584877315974,329.2669003505258,420.6584877315974
453,0.016072090419072538,-0.05674068435331492,0.05897302223323271,-1.294771692661805,329.2669003505258,420.6584877315974,329.2829724409449,420.6017470472441
454,-0.00461805805127824,0.021986852968495896,0.02246660106965966,1.7778241938183035,329.2829724409449,420.6017470472441,329.2783543828936,420.6237339002126
455,0.16493163645071718,-0.07920431850175191,0.18296384553140135,-0.4477029416916656,329.2783543828936,420.6237339002126,329.4432860193443,420.54452958171083
456,-0.008542895317361854,-0.03609678461691601,0.037093920257684106,-1.8031868696617182,329.4432860193443,420.54452958171083,329.43474312402697,420.5084327970939
457,0.0,0.0,0.0,0.0,329.43474312402697,420.5084327970939,329.43474312402697,420.5084327970939
458,0.0007960916593106049,-0.10929064023116553,0.10929353962640281,-1.563512285104818,329.43474312402697,420.5084327970939,329.4355392156863,420.39914215686275
459,0.0,0.0,0.0,0.0,329.4355392156863,420.39914215686275,329.4355392156863,420.39914215686275
460,0.09585993025694961,0.02411833045198364,0.09884745870612115,0.2464837029257775,329.4355392156863,420.39914215686275,329.5313991459432,420.42326048731474
461,0.1856972734628357,-0.17836252813106057,0.25748139508095447,-0.7652537993739668,329.5313991459432,420.42326048731474,329.71709641940606,420.2448979591837
462,-0.02271302502265371,-0.002040816326541517,0.02280452667692035,-3.0519810474945595,329.71709641940606,420.2448979591837,329.6943833943834,420.24285714285713
463,0.08062638779995268,0.00013229238481926586,0.0806264963330507,0.0016408060649614248,329.6943833943834,420.24285714285713,329.77500978218336,420.24298943524195
464,0.0,0.0,0.0,0.0,329.77500978218336,420.24298943524195,329.77500978218336,420.24298943524195
465,0.15249385586400876,-0.05169429038153339,0.16101762553932839,-0.3268352278507329,329.77500978218336,420.24298943524195,329.92750363804737,420.1912951448604
466,0.0,0.0,0.0,0.0,329.92750363804737,420.1912951448604,329.92750363804737,420.1912951448604
467,0.08287136195264111,-0.09054514486041398,0.12274398514664173,-0.8296199056589599,329.92750363804737,420.1912951448604,330.010375,420.10075
468,0.004726938082058041,0.0010622325698363966,0.004844820085826902,0.22104692029049433,330.010375,420.10075,330.01510193808207,420.10181223256984
469,0.06586613084851933,-0.05467589197178313,0.08560257213346086,-0.6928307886441656,330.01510193808207,420.10181223256984,330.0809680689306,420.04713634059806
470,0.08146517322131785,-0.10236624811403772,0.130825927097514,-0.8986089745183252,330.0809680689306,420.04713634059806,330.1624332421519,419.944770092484
471,0.20222650993514435,-0.0014359159092691698,0.20223160775469182,-0.007100413188491047,330.1624332421519,419.944770092484,330.36465975208705,419.94333417657475
472,0.006688990610427936,-0.02575734142106967,0.026611712317473002,-1.3167162381608748,330.36465975208705,419.94333417657475,330.3713487426975,419.9175768351537
473,0.0,0.0,0.0,0.0,330.3713487426975,419.9175768351537,330.3713487426975,419.9175768351537
474,0.15884214160325882,-0.11261644039973362,0.19471334981817884,-0.6167296763430764,330.3713487426975,419.9175768351537,330.53019088430074,419.80496039475395
475,0.0,0.0,0.0,0.0,330.53019088430074,419.80496039475395,330.53019088430074,419.80496039475395
476,0.022787090415818056,0.0072382237785859616,0.023909064663586367,0.3075659734769145,330.53019088430074,419.80496039475395,330.55297797471655,419.81219861853253
477,0.12489206614282011,-0.022953857757499918,0.12698388784162382,-0.1817611287026855,330.55297797471655,419.81219861853253,330.6778700408594,419.78924476077503
478,0.05666038156664399,0.030029234832795737,0.06412607725349245,0.48734800577783693,330.6778700408594,419.78924476077503,330.734530422426,419.81927399560783
479,-0.00029919159521796246,-0.040236790647156795,0.040237902992002125,-1.578231961606164,330.734530422426,419.81927399560783,330.7342312308308,419.7790372049607
480,0.0,0.0,0.0,0.0,330.7342312308308,419.7790372049607,330.7342312308308,419.7790372049607
