180,-0.32795621712295997,-0.0871412847936881,0.3393359454362251,-2.8818835187067005
181,0.03280827514356588,-0.22158031263711564,0.2239960219875742,-1.4237993959547441
182,0.05897400407536679,0.25730750587524653,0.2639793282369311,1.3454911132779994
183,0.16715717225702065,-0.23628036260657836,0.28943035430040753,-0.9550860663877146
184,-0.011424964812590588,0.24720509133953783,0.24746896170057,1.616980006521704
185,-0.025564351304637967,-0.02536646386306529,0.036013796613841506,-2.3600798873753654
186,0.06733243804501399,0.17668801513411836,0.1890828175829842,1.2067050930990035
187,-0.34114264694812846,-0.014092283290551677,0.3414335923940651,-3.10030706311603
188,0.19085340532899409,0.009216464557937343,0.19107581098773604,0.04825331923678794
189,0.022292778327823726,-0.17870539383034156,0.18009049322390944,-1.4466914584368546
190,-0.1403933218638258,0.2448498409740978,0.2822440955077728,2.0914163386635445
191,-0.16513938316597887,0.3210354191608076,0.361019052444875,2.0458944141789632
192,-0.250505865741502,-0.26553655305309576,0.36505184532915175,-2.3270758782659287
193,-0.06013134540637566,0.12365618559744007,0.1375013852180748,2.023406608314652
194,-0.02982110181301323,-0.185178005862781,0.18756383438354596,-1.7304656528690532
195,0.43508045736234635,0.24448338174443052,0.49906625645080577,0.5119539477740799
196,0.15140124561537505,-0.3117291340463453,0.3465507036310436,-1.1186685452981733
197,-0.312642474734389,0.030814921087824132,0.3141574069947928,3.0433471622439634
198,0.1944675317885185,-0.10272766151121004,0.21993315657144605,-0.48599211868509157
199,0.7840882491231014,0.23780343456849096,0.8193563668548023,0.2944692609646548
200,-0.4660882094045746,-0.3551162147345508,0.5859571186642911,-2.4905140472393317
201,-0.08429997668338274,0.3566858905564345,0.36651236076134686,1.8028799916906006
202,0.03508650266439872,0.14270587471912677,0.14695587551564573,1.3297123875104486
203,-0.4901887857777183,-0.14754149122950366,0.5119116499323487,-2.8492286568582816
204,0.33386218618920793,-0.06916289311106993,0.34095082512076524,-0.20427060788734416
205,-0.00014724664902132645,0.09630347528502625,0.09630358785398034,1.572325311432693
206,0.18345083774261184,-0.19142235140742514,0.26513529845498474,-0.8066595197643575
207,-0.4062755521640611,0.3206616260870305,0.5175748281466085,2.4734279348040564
208,0.4612384606824662,-0.3120780606751623,0.5568964298390691,-0.5948541602152982
209,0.3885225254703073,-0.04880925288000526,0.3915764241684245,-0.12497314590519115
210,-0.4627193204183868,-0.09732961119476613,0.47284481883994256,-2.9342722981382217
211,-0.06866849947425635,-0.12416742547600279,0.1418904942883231,-2.075964016999149
212,0.2642954033044589,0.19879113406233273,0.33071131699664424,0.6448789431398788
213,0.4971533843832958,0.045142539431992645,0.49919869437943654,0.09055370861819045
214,-0.4892833366254763,-0.18338576378982907,0.5225213123501645,-2.7829930915188488
215,0.12300444012066691,0.029976011707276484,0.12660431891240326,0.23903921135744322
216,0.14376588643779087,-0.05211448571122901,0.152920076262699,-0.3477630032702707
217,-0.40172881714875075,0.020462581242554734,0.4022496236901193,3.090700332459675
218,0.022677223945152036,-0.014450080348410665,0.026889799328632058,-0.5673290925255815
219,-0.09263798801327994,0.016051784013882298,0.09401838433613356,2.9700218816322623
220,0.6538622419888043,0.11300689930436647,0.6635558686267592,0.17113920868375262
221,-0.3675719625163083,0.05555927930231519,0.3717472005875539,2.9915761346839416
222,-0.1639941856335554,-0.21227788570155326,0.2682461438297571,-2.2285706960811655
223,-0.04394395888903091,0.22884481199736229,0.23302579149302105,1.760512132592416
224,-0.00995589340072911,-0.13348620447851545,0.1338569632088175,-1.6452421781348747
225,-0.0627156859935667,0.4106447662426831,0.4154062846324686,1.7223501543358037
226,-0.04286332993740416,-0.06393368990580939,0.07697260394643643,-2.1614026642781443
227,0.6130781365019402,-0.05483558699614832,0.6155255827810114,-0.08920568570377277
228,-0.04419518575332404,0.04752258378027818,0.06489692144412071,2.319931730858483
229,-0.4267673884570513,-0.09412903126894889,0.43702480293237644,-2.924505546850201
230,0.23671598053556409,-0.14380465349188398,0.2769733449392457,-0.5459150236331138
231,-0.32703124532372385,-0.0038321611094147556,0.3270536972375548,-3.1298751624390975
232,0.14321959108895044,0.011614139563278059,0.14368973348670905,0.08091617095300235
233,-0.0462237534235328,-0.2619016177299045,0.2659494176532458,-1.7454900799388409
234,0.00911045196357918,0.1824306498876922,0.1826579928539302,1.52089851810718
235,-0.05811221266037592,-0.10070857788821286,0.11627229644481522,-2.0941574145586688
236,0.11151450390468653,0.12089460159000964,0.16447184949016508,0.8257365545838643
237,-0.12255474056576077,-0.06809145123258986,0.14020025023551524,-2.6344599545477085
238,0.24942375962859842,-0.0072270340517093246,0.24952843903741595,-0.028966817774289947
239,-0.26163388445547753,0.09922068785834881,0.27981607243749607,2.779114413979696
240,0.2614390807043492,-0.14473079024003255,0.2988266965367042,-0.5055974059817168
241,-0.30749834248319985,0.12278025093513634,0.33110454640431974,2.7617006332215124
242,0.2167002869003909,-0.001566494572728061,0.21670594880611402,-0.007228727333850262
243,-0.09241344476367885,-0.11811598995132044,0.1499721035902009,-2.2347103948601346
244,-0.20793153229806194,0.019781271893293706,0.20887034457178547,3.0467445200835117
245,0.04671313579058278,0.14333088466912614,0.15075098525523395,1.2557405298043993
246,0.2381023973483707,-0.16042882102368594,0.28710652768282935,-0.5929116068164308
247,0.07089395834839252,0.23406067878357817,0.24456155602001917,1.2766929332647146
248,0.31751617872942006,0.11772037295202153,0.3386363978707783,0.3550429068707127
249,-0.4567485899538042,-0.2503853861023799,0.5208762962531759,-2.640139506034116
250,-0.18313466269546552,0.03223500837253823,0.18594999447528773,2.9673593480919758
251,0.06378490761107969,0.027002107594626068,0.06926491358188311,0.40045585960514235
252,0.055612293642070654,0.1245949783945548,0.13644279330646772,1.1509864032999542
253,0.223431618445602,-0.21213208389815463,0.3080936694257037,-0.7594616571370629
254,0.03585249680531888,-0.01522048654220498,0.03894951524418299,-0.4014731020555499
255,-0.22140386717558158,0.10830507793292554,0.24647446583035665,2.6866430648708133
256,-0.5059518648807853,-0.07783400149236286,0.5119037227493638,-2.988952490495828
257,0.2346160041603298,0.062392745346301126,0.24277051732038687,0.2599197265733023
258,0.051013999733072524,0.09058805397273773,0.10396453092922396,1.0579187905681726
259,0.11627396990593297,0.10863781694331465,0.15912828581963342,0.7514594313496813
260,-0.4649491532987895,-0.2618779884891751,0.5336270195636629,-2.6286411898178956
261,0.22734808951759078,0.07799192431104984,0.24035368535772236,0.33047055416875293
262,0.40723145042738906,-0.03882386598712628,0.4090779226350175,-0.09504884801684571
263,0.06233746683483332,0.24696868198384436,0.2547145257974527,1.3235503301834803
264,-0.24173956333208935,-0.18130205184149872,0.30217288177784374,-2.4980984829639654
265,-0.10286410168578186,0.22381257634845042,0.24631908725747143,2.001604291095154
266,0.34405576526842196,-0.2671318785435801,0.43558444663309726,-0.6601967956644373
267,-0.05045267145942489,-0.03523410861873799,0.061537910815607756,-2.531968462007429
268,0.6102318055518481,0.17548627368876168,0.6349632184309856,0.2800173731004033
269,-0.10692236503359709,-0.0761919859899649,0.1312920822954408,-2.5224658028103746
270,-0.4935106603487611,0.05704996203110113,0.4967972121959023,3.0265032393096845
271,-0.07580435441241207,-0.24603458659265698,0.2574476994414636,-1.8696717250502737
272,0.19550848304606916,0.16148673789666645,0.2535774703310248,0.6903848298562613
273,0.4001387833999388,-0.10945830353460906,0.414839928398241,-0.26701844734118146
274,-0.257228534035562,0.10495516134642457,0.2778166744731826,2.75418907759196
275,0.21693763950952416,0.15039464316765816,0.26397061982253156,0.6061895539215572
276,-0.6314361208113723,-0.19238162157301986,0.660092616974602,-2.845854113923261
277,-0.4341389430478557,-0.06529377470565123,0.43902152439945547,-2.992313157926602
278,0.7904020224517581,0.3783019665391407,0.8762692137597958,0.44639752823427153
279,-0.2787007258888252,0.09483682980481944,0.29439449536019924,2.813601423857382
280,-0.11973427367138356,-0.16985260657429535,0.20781290684578793,-2.1848236561767593
281,0.017672243003630683,0.10257026761235011,0.10408154481390296,1.4001774400687066
282,-0.21932509151451995,-0.05529590366654702,0.22618826833006306,-2.8946211445212637
283,-0.2151885670508591,0.256852261316169,0.33508089102876587,2.268159720254976
284,0.19403627161284476,-0.17306128927543796,0.2600005472053674,-0.7283228688085996
285,-0.07904039113941508,0.06035957014870519,0.09945180310083969,2.4894096279753066
286,0.4101606906804136,-0.17924751409742612,0.44761754153466876,-0.412005620552553
287,-0.19231509572978212,0.1376862204837721,0.23652186232283298,2.5202481004790362
288,0.07827855930293026,-0.04906270713735239,0.09238334307756987,-0.5598716120005062
289,0.3027660831404546,-0.2708054857199045,0.40620550488171137,-0.7297336535760569
290,-0.13789830236555645,0.041026086674150974,0.14387175394460644,2.852422073668872
291,0.2546260780503644,0.1272800291210956,0.2846658487356311,0.46354389105932686
292,-0.18082607882695356,0.08114244842136031,0.19819729493548782,2.719793695595077
293,0.3753631256694234,-0.05509187598090648,0.37938448955039655,-0.14572909312085455
294,-0.6033972447826272,-0.013354751379324625,0.6035450143905335,-3.119463663910407
295,0.05958590753243698,0.08151744311805942,0.10097313459019772,0.9395932530279109
296,-0.0007855468398929588,-0.27068033703136507,0.27068147690459177,-1.5736984387220088
297,0.03137756819467086,0.00967391625175651,0.03283498806847992,0.29906014115643464
298,0.1296493945402517,0.13328877038111386,0.18594316823794077,0.7992384648236464
299,-0.11087122355422707,0.052261294967479444,0.12257108616671913,2.7011107789806275
300,0.03282599324859348,0.08820475023429708,0.09411494991047616,1.2145206952958099
301,0.25899880697352273,-0.16112816046711487,0.3050289594599575,-0.5565251293080306
302,0.17747157826306648,-0.05428268996371344,0.18558763838381145,-0.29683058621533637
303,-0.6447735014207865,0.13889688543184775,0.6595644114998086,2.9294154143525586
304,0.2492887154115806,-0.06390440750169546,0.25734925088233457,-0.25094330593666975
305,-0.32490071902202544,0.15985687899348022,0.36209763736120304,2.684351314947209
306,-0.014534027914578473,-0.017866066680653603,0.02303115945972558,-2.253714356171105
307,-0.027826071466279245,0.13581791289311695,0.13863908437337857,1.772877622858638
308,-0.06358067767700959,-0.18476277755826231,0.19539648549785052,-1.9022238009486407
309,0.10252075430207697,0.013326437864293439,0.10338326271122278,0.12926291621695338
310,0.100577927233644,-0.19159885844049995,0.2163932577561485,-1.0873962701582782
311,-0.3695638513687527,-0.10993845401020508,0.3855695837441791,-2.852447895892859
312,0.435391318681809,0.046733701923301396,0.4378922690330814,0.10692784420125548
313,-0.02486095285553347,0.5210692250832949,0.5216619636371723,1.6184715934600544
314,-0.41750931982210204,-0.18763042585624135,0.4577326827366698,-2.7192343375911863
315,0.5844078777998902,-0.18179080203259446,0.6120297895839919,-0.3015800703920946
316,0.10501915201189149,0.05529617165854006,0.11868735774878258,0.4846489202903688
317,-0.02607467574534894,0.03329490977165506,0.0422899483556996,2.2351737642265896
318,0.01410319476872246,0.02885919433720119,0.03212091531194069,1.1162377240828247
319,-0.09554491054666414,-0.06266194862354268,0.11426000935003268,-2.5611245845029393
320,0.019199593859752895,-0.2625424496914093,0.26324354179038395,-1.4977967897139794
321,-0.23446238234635075,0.13375964746143154,0.2699337919278222,2.6231504929864817
322,-0.06473150375086334,0.2895871211036365,0.2967336655772989,1.7907114733095335
323,0.16261304909562568,-0.21393060938845565,0.26871789923541073,-0.9208494782785814
324,0.10754746211125621,-0.27184495325184344,0.29234591704874047,-1.1940709908628735
325,-0.0771262576281515,0.4494047195689177,0.4559748475371658,1.7407593039382396
326,-0.13637956457262135,-0.2039390936619725,0.245337603226013,-2.1602239124314035
327,-0.30718828217607097,0.0918593497214033,0.3206287274052724,2.8510235016112317
328,0.4745331099509258,-0.1549062300383639,0.49917693510858047,-0.31553309554175263
329,-0.034576851828092,0.16337761467957534,0.16699641810748403,1.7793564680404552
330,-0.16625032285344332,-0.08095117992490941,0.1849115014814092,-2.6884609075314074
331,0.1546039919269333,0.14931489661768182,0.21493564774530136,0.7679969367970143
332,0.13092734540032325,-0.02212950718455886,0.13278435473280345,-0.16743877172783925
333,-0.748236456642644,-0.024941636448772897,0.7486520421917529,-3.1082710953761654
334,0.1059371732337695,0.2153811449004479,0.24002442011468214,1.1136826325269473
335,0.07223066145354551,-0.023858069228992917,0.07606888931325423,-0.3190215916415694
336,0.12118053446261001,0.2788380049629495,0.3040318321234829,1.1608300018841926
337,0.17865217088331065,0.010227395014453577,0.17894467795970154,0.05718511118745206
338,-0.08671938685301939,-0.21256683700903523,0.22957550446898592,-1.9581483830764168
339,-0.18639055895334877,0.0071029440729262205,0.18652584882917675,3.103503231104879
340,-0.07750629646375273,-0.14479287845750832,0.16423216385208442,-2.0622763973076927
341,0.10298569075928299,-0.31727693321118977,0.33357263804014925,-1.2569331049173964
342,-0.2307001866978453,0.1598696006237219,0.2806792926918711,2.5355966245467405
343,0.04621290587454041,0.07888396283414068,0.09142380577173113,1.0408581417827043
344,0.2009695690285298,-0.028521175348998895,0.20298331241459566,-0.14097645702768624
345,0.04597073037348309,0.36237384755304447,0.3652781316222867,1.444610412085033
346,-0.07942981508358571,0.07038465100481517,0.10612772786261962,2.4164970611702383
347,-0.07651284293933713,-0.16250976413118678,0.17962081887307396,-2.010828616509703
348,0.04580427696873812,-0.11704922575097498,0.12569229506032412,-1.1977907789914966
349,0.06974601639080902,0.2147433442129909,0.2257857628066174,1.256756375498703
350,-0.17829364052352048,-0.12807620925457286,0.21952707720951298,-2.5186609223014713
351,0.12095046880540394,0.2283843159037815,0.25843454036774044,1.0837564564330848
352,-0.038819866571429884,-0.12401342434077378,0.12994734109380016,-1.8741635605673805
353,0.05399310075586072,0.04775200069491348,0.07207987582952363,0.7241343789135624
354,-0.046836083716470966,-0.3620783931568212,0.3650950308192675,-1.6994354582392361
355,0.21060619877368936,0.22011695501140593,0.30464150217164443,0.8074754789495655
356,-0.002883115307213302,-0.2931194432281359,0.29313362200922477,-1.5806319839040248
357,0.2715523582186279,0.020672929466911683,0.2723381230508169,0.07598214466446042
358,-0.05095695985528437,0.04022977602528499,0.06492339052096446,2.473296015083298
359,0.1425817047027067,-0.06660219382638388,0.15737024731002064,-0.43699606431465216
360,-0.23766016189597394,0.3598648684566683,0.4312598707296515,2.1544583656515246
361,-0.0499497950637533,-0.10577731246803523,0.11697786910296887,-2.01197114990751
362,0.2922546093203664,-0.10620537949728259,0.31095391829523844,-0.3485623932517511
363,-0.0771833275384779,-0.06500484949992824,0.10091033895701809,-2.4416363902828846
364,0.02597824622068856,-0.2197372265757167,0.22126752590448193,-1.4531184103646793
365,-0.2779383916704319,-0.067232975453976,0.2859545812760155,-2.9042530213944553
366,0.05085675577697657,0.16480145782054478,0.17247008467538896,1.2714738145463564
367,-0.1212358202874384,0.01216776492333338,0.12184489576505682,3.041563184800455
368,0.22087660998238334,-0.05310408235544628,0.22717068560913378,-0.23594603935055533
369,-0.10478831339958106,-0.11341550551634327,0.15441394858190924,-2.3166777620614987
370,0.16125393170284497,0.1629917738897575,0.22927963024515638,0.7907577580410167
371,-0.01689373644535408,-0.0720845636610079,0.07403771099435062,-1.8010016701836948
372,0.018411885032833197,-0.062248101654176935,0.06491397130056836,-1.2832134837929383
373,-0.23709264875981262,0.17621562759546805,0.29540628210112346,2.502435024579032
374,0.13319057550017988,-0.33977007524970304,0.3649430550610026,-1.197203667644593
375,-0.0044420648918048755,0.08295050530500703,0.0830693581945774,1.6242960133389193
376,0.19254902559760012,0.11567073534394012,0.22462156235231093,0.5409589894110496
377,-0.2952509711528819,0.3352749939011801,0.44674652489096794,2.2928023421179122
378,0.08861402462787282,0.12648902911325877,0.15444066772312295,0.959690006560524
379,0.22293065119492894,-0.12725011688701215,0.25669177526744663,-0.5186765421549763
380,-0.279868352450535,0.10587845866575663,0.2992265742089315,2.779918657491717
381,0.09179006968645353,-0.23783972125431774,0.25493754117307943,-1.20247564681696
382,0.021876145469605035,-0.147059884031421,0.14867809264293888,-1.4231225256325295
383,0.12765649656341793,-0.1569908994190996,0.20234209550971788,-0.8880908720730026
384,-0.2395952272473778,0.0025494720961773965,0.23960879100669866,3.1309523085784927
385,0.7407036304985013,-0.4070238578896692,0.8451687932744855,-0.5024667321963788
386,0.1402911206889712,0.02062438078530704,0.1417990254795315,0.14596574512895247
387,-0.2506707127042773,0.19003065979069333,0.3145591484413648,2.4929347804574165
388,-0.09211846817913738,0.1403810711008191,0.16790669225222674,2.151519768919118
389,0.37763976874180116,-0.1092405542843835,0.393122491897526,-0.28158562747972715
390,0.16872427505632004,-0.3394066568600351,0.37903134397327404,-1.1094590616530564
391,-0.45769014518282347,0.12520499085013626,0.4745066477208267,2.874567165769783
392,0.06648544193421912,0.08987833971235659,0.11179637712662338,0.9339023699798819
393,-0.11723541176502295,0.35821469330176114,0.37691100842107184,1.887086267629796
394,-0.25483957484277653,-0.4196591512013583,0.490975571788548,-2.1165323703860777
395,-0.3103002445769789,0.5189262395432479,0.6046244155432604,2.109718892161612
396,-0.07412535070318427,0.010634622052066334,0.07488432948928872,2.9990969277990924
397,0.31531912009461394,0.29156056943321573,0.42945746372075383,0.7462694454571214
398,-0.2069271730096034,-0.12507631020741883,0.24179110468511614,-2.5979104179851014
399,-0.23105717179055318,0.19096827622240653,0.29976040292074363,2.4509019653664454
400,-0.2294352878053587,-0.2697257639160284,0.35410808944503497,-2.275652714880351
401,-0.08523746533751364,0.054585947019859304,0.10121783987627243,2.571996792069346
402,-0.1415132356611366,0.020651299100393317,0.14301213942116345,2.9966836167287974
403,0.3807343881525185,-0.042972936720730104,0.3831518597270232,-0.11239288718217715
404,-0.08539915637811646,0.17688106518698987,0.19641773629633894,2.0205939820871075
405,0.22693418982021285,0.02928161344112823,0.22881551388634483,0.1283222849390832
406,0.04814551844401649,-0.09984473833844731,0.11084657288394685,-1.1214867168492304
407,-0.20896240182821657,0.05789087523606895,0.21683320505267442,2.871331166587766
408,0.1977142845812523,0.17836620787005586,0.2662807586691543,0.7339968430062238
409,-0.153733408345488,-0.13889885335908048,0.20718796370925582,-2.406844637317288
410,-0.26516222853263116,0.017276682227759466,0.2657244647923678,3.0765294777633647
411,0.21019647890364013,0.041241647099411693,0.21420418576433292,0.19374408768923762
412,-0.0011187767358933343,0.07577914091166349,0.07578739907593166,1.5855589045729215
413,0.22687785347261524,-0.2125717097062534,0.3109023836572842,-0.7528549678747233
414,0.048241699651384806,-0.16343812823953385,0.1704091645061871,-1.283778466614082
415,-0.26511561012432594,0.16883559214056731,0.3143115395671142,2.5745261491311298
416,-0.33835623596110054,-0.2308043641293125,0.40957978089122055,-2.5429580538587144
417,0.36574415829807094,0.0190199838124272,0.36623837744478577,0.05195671750820863
418,0.2385892014244746,-0.06897944895575847,0.248360567350392,-0.2814398468240468
419,-0.006542275429069377,0.06105054779749253,0.06140008757456071,1.6775505464882383
420,0.018515778975029207,-0.05276747040323926,0.05592173105161235,-1.2333254580989979
421,0.07209712065673557,-0.1021992520647359,0.12507070772000659,-0.9564177009434418
422,-0.4825163853969343,-0.026821902130791386,0.4832612922741036,-3.0860622556408055
423,0.43009186807523747,0.010538063771264206,0.43022094994606513,0.024496988890759894
424,0.021144280597695797,0.2426285069280425,0.24354809171111413,1.48386921199169
425,-0.3454656673621912,-0.08992759660810634,0.3569782905972217,-2.8869357947034167
426,-0.16365287367125347,0.2033911572938223,0.2610559823604501,2.2483488380472703
427,0.4614587905530243,-0.07008634656165214,0.46675080219858217,-0.1507280385872129
428,-0.43046947145057857,0.1884022197215245,0.4698929263640155,2.729042171829316
429,-0.031877092551667374,-0.15979634633424666,0.1629448413768355,-1.7676973579349222
430,0.3452536242690485,0.1821012185695281,0.39033436804286187,0.4853593342552397
431,-0.2848908802004644,-0.6636825397736175,0.7222446449934777,-1.9762678004659835
432,0.4607643005075488,0.26204553686187637,0.5300675466498961,0.5171013345876886
433,-0.07360115105336718,-0.20786574180635853,0.220511442000383,-1.9111014663085493
434,0.2504742373381532,0.1315716258936277,0.28292832362706677,0.48367435703485073
435,0.05660781851327101,-0.3105953703978912,0.3157117818983553,-1.3905192115824085
436,-0.24164275483371966,0.07495584977050385,0.2530011865158887,2.8408110701697358
437,0.07857223226756105,0.11214031421985737,0.13692715492858204,0.9596275484738888
438,-0.06575896083143107,0.028407674454740572,0.07163265245372535,2.7338104347345977
439,-0.1820769712942365,0.08106602648143735,0.19930811354576444,2.7227130100776855
440,-0.45556834815795355,0.014204750254066312,0.45578974842919273,3.1104224687842166
441,0.2309032948536469,0.10592619506093115,0.25404072581843373,0.43010408368399006
442,-0.4138853308780881,0.13451743890573198,0.43519651708834,2.827350469683839
443,0.6082009909165436,0.12822652062851603,0.6215709822251685,0.20778622626564344
444,-0.05498333394587007,-0.0740669009338717,0.09224463575596704,-2.2093814290752807
445,0.25224195542614325,-0.13343547894771746,0.28536122918015894,-0.48657595869433656
446,-0.12336731205732576,-0.13595951941994144,0.18358781170097058,-2.307675312326559
447,-0.18543624159644878,-0.2620191522919413,0.3209994328113432,-2.1866848497036906
448,0.09440852699628977,0.18244219232337855,0.20542181848423458,1.093269878845955
449,-0.0829258730843776,-0.14514460855832567,0.16716356606735777,-2.089870228008124
450,-0.13718875664994812,0.10921598969866864,0.1753536066267768,2.469234196759615
451,-0.34128219212311706,0.13572973816599188,0.3672820394233414,2.763066026125025
452,0.43802470367415935,0.24017170570579083,0.4995478848423483,0.5015419374889569
453,0.08615284815834912,0.028298820532313584,0.09068151128711768,0.31736922482853647
454,-0.02508814315433483,0.00698558973647323,0.02604253042426403,2.870029378805309
455,-0.045622800936484964,-0.18565198371692304,0.19117557119914352,-1.8117650434860804
456,-0.26901472995086806,0.12985851973087392,0.29871752556090886,2.6918651782441443
457,0.33794310206803857,-0.04037144118694869,0.34034599086647105,-0.1188987697220706
458,0.13911358592474699,-0.08182585088269434,0.16139411284653135,-0.531693784976661
459,-0.17815945653205745,-0.21357147492051354,0.2781250920926079,-2.266040703383095
460,0.2170349003371257,0.12024789708988237,0.24812034321853785,0.5059462770179087
461,0.10933872817963675,-0.13620117792362407,0.17465886278034445,-0.8943663702536802
462,0.35089325543447103,-0.2833385823618073,0.45100646221999924,-0.6792840913981297
463,-0.758810856661853,0.2742831525374072,0.8068613040379082,2.794741241978126
464,0.027033924834086065,0.08659530845199015,0.09071703554366363,1.2681966865744743
465,0.06458327409222875,0.14093190132547306,0.15502515958283938,1.141095701699855
466,-0.4569899027505926,-0.02299834409484447,0.45756824086369996,-3.0913093593421297
467,0.0807480509281504,0.16220300246760644,0.18119067784574766,1.1088934859477246
468,-0.22461460586862358,0.16004165885919974,0.27579893716242193,2.522515519009833
469,0.6368089543850601,-0.1340320098046277,0.6507612650098816,-0.2074465543729517
470,-0.40235500791891354,-0.048829424818734424,0.4053071244446086,-3.0208241781696383
471,-0.22132028658370473,-0.04973057207456577,0.22683870712988288,-2.920564188192118
472,0.13154461440683463,-0.027744618864005588,0.1344386456914519,-0.2078675596283817
473,0.03304150278461293,-0.03350961995323587,0.04705991431862034,-0.7924319958759838
474,0.03127491208510946,0.030394325594954807,0.04361118152840451,0.7711199481721974
475,0.2867591090865744,-0.1650887146668083,0.3308852827710304,-0.5223641063978901
476,-0.3392811428755067,-0.12905948376209153,0.3629986835511219,-2.7781040486076063
477,0.6263205184347953,0.10398441167296824,0.6348938097693221,0.16452358526298005
478,0.2647016969864353,0.13022968116626998,0.2950029800598071,0.4572163424008065
479,-0.4451517012352042,-0.16103190751584862,0.47338283909621115,-2.794492134370029
480,0.3953940008734662,-0.016018062969351377,0.3957183269296694,-0.04048950828332295
481,-0.21756340580645883,0.01279594742527479,0.21793937647111017,3.08284553373671
482,-0.37493746215398005,-0.08174472126182764,0.38374509766333315,-2.9269295446760397
483,0.18706687066355698,0.3005808713197098,0.35403795602049776,1.014104023183222
484,0.18982188224561014,-0.057418952676130175,0.1983161191272408,-0.29373833387115605
485,-0.49126752281301833,-0.011285900918267089,0.4913971413534845,-3.1186236690598568
486,0.07031077896624538,-0.15029008112901465,0.16592382024473165,-1.1332111876488675
487,0.40283817128420196,0.26355159680690576,0.4813917702070423,0.5793479458844252
488,-0.37111984073942494,-0.06095994790587156,0.376093141973026,-2.978787024965347
489,0.25470062862893883,0.21590336428079127,0.3338962008345418,0.7031427527179024
490,0.04053239417146415,-0.33374570591672637,0.33619796429354676,-1.4499412476381606
491,0.22330493315962485,-0.1780334484126911,0.28558886870313915,-0.6730716924387594
492,-0.23399210894524458,-0.1642728091633785,0.2858983436102262,-2.5294960422095505
493,-0.22576410249848777,0.07508691191583239,0.23792325299979333,2.8205111323919696
494,0.062476759163132556,-0.04429715421383662,0.07658709621713368,-0.6167527856069578
495,0.5152208914992116,0.03095269639345588,0.5161498197725809,0.06000443548773334
496,0.08617301555273116,0.11314473899727773,0.1422234881171649,0.9199013716041857
497,-0.12149048897606463,-0.06452575226768431,0.1375627551968695,-2.6533618675969777
498,-0.5793579589587807,0.010896898741918903,0.5794604274763514,3.122786294111181
499,0.5085735822428887,-0.1566549795839478,0.5321539919833463,-0.29880569893713943
500,-0.06575049655373277,0.07892349696072642,0.102723153035585,2.265391880302808
501,-0.08916430065914938,0.04225312148162175,0.09866913796611315,2.6990590581455347
502,-0.22345693961847246,0.015088085344416413,0.22396574332476393,3.07417376541659
503,0.3954025772972045,0.07482546306783888,0.4024202381299782,0.18702705321213087
504,0.08107863382122105,-0.3268615927862015,0.3367673465481003,-1.3276520236077978
505,-0.14921012346451334,0.03639705293664974,0.15358517639006897,2.9023336011216565
506,0.16019628848630418,0.10638812083215043,0.19230518219482134,0.5862312233916966
507,-0.2531406829809839,0.00790091897840739,0.2532639530228934,3.1103912094305635
508,0.2261776195142602,-0.06106513715798201,0.23427604774125035,-0.2637002130563454
509,0.06825815539559699,0.24976976661838535,0.25892877803483366,1.3040258887680978
510,-0.14652849910942223,-0.22907855753561535,0.2719330553166683,-2.1398562238271315
511,0.39649520469242816,-0.07093128805752258,0.402789889358695,-0.1770230912258763
512,0.31899916770453274,0.30702803411600144,0.442749006469039,0.7662781080232961
513,-1.186581333203435,0.1379127399914637,1.194569036999869,3.025884851740273
514,0.07127368264627876,0.06889808576079304,0.09913064137522792,0.7684520300430886
515,0.35638610403941584,-0.16378089305425192,0.39221835255638104,-0.4307757441753606
516,-0.046141494161247465,0.2152708604086797,0.22016035252634772,1.7819430627676633
517,-0.5023758838491403,-0.2644150074727918,0.5677119206516995,-2.6571043627128037
518,0.6743117666680973,0.10009178551842979,0.6816998783888096,0.14735949703817056
519,-0.010803382056451483,-0.3248310528533125,0.32501065515094907,-1.6040425367999291
520,0.4369692787624899,0.21169649660009782,0.4855487176946983,0.4511428746801835
521,-0.23899404129190316,-0.0602316874495159,0.24646705245539835,-2.894712109690326
522,-0.23186920070975248,-0.09221282230959105,0.24953262479299113,-2.763076410995124
523,-0.13315547316540233,-0.05660792023098793,0.1446887579142902,-2.739614864591657
524,-0.11914609630457562,0.056667655993067,0.1319356490883635,2.6976427519178343
525,-0.14392746259693467,-0.10080435151758138,0.17571747714576413,-2.5306096722404505
526,0.02604908180626353,0.09133021947411635,0.09497243627568827,1.2929549579789967
527,-0.4304677450113559,0.22775489329245602,0.48700592492681205,2.654947113451457
528,0.6148315429049944,0.11992420084158084,0.6264181032652455,0.19263349546888478
529,-0.4239013330985699,-0.18063161921810433,0.46078207654388964,-2.738776168119612
530,0.18212021381168597,-0.030040911411106208,0.18458122503988358,-0.16347891723542582
531,-0.04747332395004378,0.15531109025943124,0.1624045912049256,1.867443171091874
532,0.06919821068413512,-0.22177490617019657,0.23231982560402684,-1.2683487952023484
533,-0.013214271809943057,0.11275249633308704,0.11352419305509227,1.6874612866101368
534,-0.18495268324227254,-0.21724815477244874,0.2853143105253402,-2.2760695216122055
535,0.3043608144191694,0.09312416555411573,0.31828857278270367,0.29692147618522324
536,0.12113095238100868,0.034848484848453154,0.12604413719393323,0.2801277566291957
537,-0.07848889104889167,0.15077953740990324,0.16998521970933003,2.050751601619711
538,0.07692890419843934,-0.1679687241562533,0.18474725599004757,-1.141313345298743
539,0.17765088978342192,-0.18184340702305235,0.2542181412067066,-0.7970598982841299
540,-0.016741218327410934,0.04210097721932016,0.045307401977025284,1.9492703765170625
541,-0.26357744633071434,-0.18917354100517514,0.32443751144196825,-2.5190759698370813
542,0.18147336135155,0.353116182828046,0.39701841198523813,1.0960750728379174
543,-0.3974473876837692,-0.19069327946675685,0.44082689665041874,-2.6942392835979416
544,0.41012257409727226,0.049064981788944806,0.41304708959405834,0.11906901408735777
545,0.092165837554262,0.10100113979393655,0.1367324827967112,0.8311055027911446
546,-0.2502590282900883,-0.10304279940794459,0.270642568252899,-2.7510028151180275
547,0.08683494792546753,0.12392736656403258,0.15132184364695916,0.9596059020382947
548,-0.2784446463020913,-0.10201041920987564,0.29654265575406064,-2.7904199872292
549,0.1909299656266512,0.12786427903716913,0.22979017739644414,0.5900941723242001
550,-0.06248492835391062,0.18940505606911984,0.19944583609576755,1.889454659068918
551,0.03041023892865269,-0.23302918434882258,0.235005070987788,-1.4410299575769097
552,0.006575515332997384,0.07152194295008485,0.07182357360400327,1.4791170166558643
553,0.07317056215140383,-0.13913933735727824,0.15720587255498739,-1.0866599005993864
554,-0.0677115703091431,0.09567817393002542,0.11721420443066712,2.1866722858517598
555,0.4086288227708792,0.06405699502045081,0.4136191647036736,0.15549536264328662
556,-0.18911735406686603,0.044050630786557576,0.19417989515381345,2.9127456422215934
557,0.13568226220615998,-0.1616920743575747,0.21107819211713136,-0.8726410280535409
558,0.07716424180341619,-0.08623529004978536,0.1157188206951086,-0.8408557694304627
559,-0.1969242996342473,0.281322082572558,0.3433967005220055,2.18151952817852
560,-0.0725269540764657,-0.06952011055614093,0.1004649433352143,-2.3773592678315953
561,0.2630763656553654,-0.04666076970636368,0.26718233773216715,-0.175540313385569
562,-0.13254029580298266,-0.12704436513257633,0.18359520887942996,-2.3773633438523487
563,0.12500353254927177,-0.11903275110290679,0.1726113524219175,-0.7609362663030064
564,-0.059489143019959556,0.2554114340792353,0.26224789569348456,1.7996314485561904
565,0.24560837612250452,-0.12886124157398626,0.2773602242599376,-0.48318154875410474
566,0.16105966140708006,-0.13234065512449433,0.20845686251918794,-0.6878256388084599
567,-0.516151351015651,0.2873679520308201,0.5907559199954492,2.633580859614438
568,0.14589592187974176,-0.13125371926827256,0.19624769767539751,-0.732615838200042
569,-0.28698643662755785,0.14532822449143623,0.3216854172044741,2.672842896794491
570,0.7019804448435707,-0.054589359421356676,0.7040998104706544,-0.07760859556460535
571,-0.48229394301756656,0.10579158466748595,0.49376037392432537,2.92566161783091
572,-0.10054392213919527,-0.10423352219015669,0.1448230210543146,-2.3381788299035047
573,0.28873333663716494,0.16326954117789683,0.3316984816999791,0.5146414306325758
574,-0.10107408150975061,-0.0678589353830148,0.12174072886407362,-2.5503353051805804
575,-0.23956386380928052,-0.14481268255991608,0.2799313449284137,-2.597882126985112
576,-0.07277935595084273,-0.05677962679880011,0.09230796646027084,-2.479066168323282
577,0.1357590282552792,0.21824990632075014,0.2570282773584142,1.0143321606051725
578,0.023378354150395353,-0.016759397597581938,0.028764993492353563,-0.6219630434028115
579,0.014001651868738918,-0.15698076752897805,0.15760395816425551,-1.4818383071091656
580,0.011075620248675477,0.06707658007547934,0.0679848288849436,1.4071538289315797
581,0.08725857425270078,0.12744509275523797,0.15445488159331613,0.9704292510359064
582,-0.12291098859077465,-0.11643980742564963,0.16930841641715247,-2.383224294251826
583,0.16248442783421524,-0.058907278875267366,0.17283303154519053,-0.34780329032916113
584,-0.49621929259569697,0.012238150187670271,0.4963701830934146,3.116934866240176
585,0.12945818369257722,-0.016104633921088407,0.13045604837918914,-0.1237644546087807
586,0.20872049801005232,0.13054977615087182,0.24618588575019285,0.5589419266322345
587,-0.10331909433580222,-0.2675722843192716,0.2868270604217871,-1.9392935035777772
588,0.32550727166744764,0.20877165856256852,0.3867047831710273,0.5702868002898028
589,-0.5198972707200937,-0.0927950795870629,0.5281137177708716,-2.9649652912348157
590,0.19502897332688462,0.2346753070582963,0.30513734641935314,0.8774019150765672
591,-0.3299836220888892,-0.23061388523711912,0.4025816127334456,-2.531629082324015
592,0.35250609254649135,0.16404883117115787,0.3888091617889406,0.43556901059136427
593,-0.6703152108417498,0.20148283140855483,0.6999412927083439,2.8496045381755395
594,0.5165815363544652,-0.12302960838536592,0.5310299127561424,-0.23380547449837932
595,-0.24529610039462568,0.09000769379832718,0.2612882733911029,2.789911457954757
596,0.1879311266127388,-0.2546466542955841,0.31648542919677675,-0.9350147378477506
597,-0.019983381126166933,0.26932541492874407,0.27006575985817566,1.6448585169374377
598,0.15676275339035328,0.02762057011568686,0.15917743792397304,0.17440341651989882
599,0.22405646730783246,-0.028332000437899296,0.2258406579676895,-0.12578269536239708
600,-0.16359202672151696,0.027015913421848836,0.16580775248724153,2.977927807689399
601,0.19670193009824288,-0.26143688596266657,0.327171047995128,-0.925768760517066
602,-0.43062971776203085,0.17067396893514797,0.4632186929430657,2.7642490648224065
603,0.20655004624188678,0.14020990391981059,0.24964322293971467,0.596368001884586
604,-0.07054338487978384,-0.05578719403752075,0.0899365341164385,-2.4724737430624546
605,-0.050838783579024494,-0.021850574779705312,0.05533560819217933,-2.735662309024694
606,-0.2794638940748655,0.3636188193557359,0.45860518300728675,2.22607215734045
607,0.03231661316442569,-0.18547418659568393,0.18826852466556834,-1.3982903127488093
608,0.006166263128761784,0.005275628721790326,0.008115113023446198,0.7077150201201444
609,0.15750695514282143,0.10916501939328782,0.19163883316671407,0.6060669791828122
610,-0.18333474607788958,0.1450013209583858,0.2337456142885275,2.472418899358348
611,0.0880014191166083,-0.0627582038039236,0.10808719587088826,-0.6194969928590183
612,-0.10908444884228174,0.021526378539761026,0.1111881376418432,2.9467591477020076
613,0.19892145440303466,-0.0580078044775405,0.20720678174742052,-0.28374336311630005
614,-0.1844170293628622,-0.01250867674480105,0.1848407631258016,-3.073868177064271
615,-0.21960279713607633,-0.2538483935672957,0.33565517339478823,-2.2839883985000466
616,-0.05378722835098415,-0.07214124700470848,0.08998569582481025,-2.2114640312248253
617,0.796317787316184,0.22423925683892776,0.8272878959007063,0.27448730673947014
618,-0.3134702799864044,-0.047380290751902976,0.3170307688324426,-2.991580516179434
619,0.12918613408919555,0.06805105739198325,0.14601371049692083,0.48483159182628577
620,0.05921757323096699,0.00768692795310244,0.059714402288904525,0.1290864096217019
621,0.3279240449478493,-0.1535755073314249,0.3621044265223275,-0.43798926211141304
622,-0.3211402263553964,-0.23048458966479757,0.39529000879929327,-2.5190813829611987
623,-0.25226183941492764,0.2468054556359789,0.3529149593835403,2.367127216982463
624,0.14315127366046454,-0.19002867194262762,0.23791423520019142,-0.925177580362476
625,0.23843057221722574,-0.1588383025621738,0.2864938814855674,-0.5876674173393707
626,-0.054261489267673824,0.20974983697135485,0.21665480222477373,1.8239427697542352
627,-0.10693826881185942,-0.2471633026195832,0.26930557272046407,-1.9791391569263193
628,-0.044988402809394756,0.20389758499749178,0.20880177574711797,1.7879590599053656
629,0.11414022288658998,-0.012689357578437921,0.11484341633874316,-0.11071875801255279
630,-0.09088417834993834,0.08300943036448416,0.1230873649233728,2.4014484342162
631,0.1801238046788285,-0.17806345507011656,0.25328083039086113,-0.7796460691247691
632,0.05476299746794666,0.16345827270504287,0.172387913750908,1.2475219025950162
633,0.034293823352641084,-0.10247017016854443,0.1080564764117015,-1.24784210112461
634,-0.012519289936335554,-0.24388193588458762,0.24420305336200065,-1.6220847120585156
635,-0.1941691710347868,0.20095589664117597,0.27943682537417164,2.3390200336136
636,0.22711911975113708,-0.13652261404479304,0.26499343143209203,-0.5412321720313087
637,-0.0987578875771078,0.09702250407076463,0.13844308092083982,2.365058187136792
638,-0.1133979787135786,-0.10808515121442497,0.15665727397529403,-2.380177395127777
639,-0.06758715738499177,0.014093205276765275,0.06904087396866217,2.936019344500578
640,-0.009908506977353682,0.1325183232966083,0.13288824071325747,1.6454282971503837
641,-0.050792244388503605,-0.06301876630612924,0.0809395885631253,-2.2491766356825353
642,0.0020186225234510857,-0.05296352387540537,0.053001978247918434,-1.532701317506966
643,-0.017131251592218177,0.3725643697698615,0.3729580263288752,1.6167459518569456
644,0.22996322335586683,0.11955933950207509,0.2591862646021057,0.4794455702174981
645,-0.06632248678386077,-0.003544609465393478,0.06641714017825175,-3.088198390220277
646,-0.3880970294740109,-0.11844445009597848,0.40576888994240307,-2.845378584329205
647,0.10566779903456336,0.27534418022526097,0.2949238907527328,1.2043624275530795
648,-0.1716409622442825,-0.039733602364151466,0.1761799621891653,-2.914107176788161
649,0.41752136414004326,-0.1842021509455094,0.456349122850384,-0.4154952017134164
650,0.002300091328493181,-0.10742380228003867,0.10744842351761263,-1.5493882227587732
651,-0.5196642793682713,-0.2952408946273408,0.5976772951281463,-2.6249308287286275
652,0.5282368678487046,-9.434008006792283e-05,0.5282368762730036,-0.00017859427239357757
653,-0.1115863554397265,0.09864030254459522,0.1489342942589458,2.4176982270702223
654,0.1946318365882007,0.22419466656413078,0.29689190007391214,0.8558661966624211
655,-0.3744700891414823,-0.1427268599868512,0.40074780626141415,-2.7774467640500013
656,0.001108868012579478,0.09507247187525536,0.09507893823944683,1.5591334583193794
657,0.1299671586327804,0.08414781759859125,0.1548299632812851,0.5745836612173314
658,-0.4842855265384287,-0.271780341281044,0.5553350566292784,-2.6301923722043608
659,0.43562972175902814,0.44505318813315853,0.6227725064157351,0.7960979358694101
660,-0.1600829955852987,-0.09010626310026737,0.18370003844707647,-2.6289205215861697
661,0.039626319012654676,0.026272980313081007,0.04754486989175825,0.5854726553541374
662,-0.2423971243157439,-0.1703361297468291,0.2962613086004833,-2.529046769382438
663,-0.17225354913500723,0.20936456100133682,0.27111769509364164,2.259252847519387
664,-0.12775704553223477,0.010202388453365074,0.12816376794273357,3.0619040284715027
665,0.32149597727777746,0.07771695781696053,0.3307560867741007,0.23718521583208027
666,0.14946146631780266,0.26069664518900026,0.30050203115231544,1.050228802825342
667,-0.1740941899624886,-0.09754130935738203,0.19955724494452104,-2.630892004172072
668,-0.21133898408822915,-0.20042170729954023,0.2912610975607751,-2.3827019249972805
669,0.3596832917005486,-0.28457403917246893,0.45864414756919747,-0.669339386558706
670,0.1348236532851388,0.22587343999595078,0.2630517598891056,1.0326600188248414
671,-0.09465984276835115,0.06707099512436798,0.11601294850102706,2.525153116613619
672,0.11613701969724843,-0.29198773212641527,0.3142366036229489,-1.1922343634195625
673,0.006487328434218398,-0.07548240459760791,0.07576066812040663,-1.4850620958192866
674,-0.07454242553922086,0.2739192496399028,0.2838808350850012,1.8364950203020918
675,0.31442117702033556,0.17292729106537763,0.35883774126206824,0.5028325736529867
676,-0.0653788944327971,0.07851704572789231,0.10217302142488867,2.2651437968534074
677,-0.6031906335501844,-0.33607129636124,0.6904946463518724,-2.633271979137897
678,0.5750935217332653,0.153948870557997,0.5953426017728386,0.26156092654915636
679,-0.07788520756650996,-0.16943878304044802,0.1864821888436168,-2.0016591687453236
680,-0.40491095553920786,-0.20860642348316105,0.45548822359541885,-2.665866341805391
681,0.3627154762181135,0.29585796637184103,0.46807526419777223,0.6842260896181822
682,-0.4695071940739126,-0.13301423041764338,0.48798544115655396,-2.865520886640503
683,0.5681151522827577,0.11436514983824964,0.5795120479772498,0.19865128545306057
684,-0.5990830952034685,-0.12669308002233493,0.6123329906873497,-2.933185011847522
685,0.21291434612692228,0.12075002268431945,0.2447714990862264,0.5158993312650344
686,-0.21509158240337456,-0.049439345039616,0.2207003345233846,-2.9156643280543637
687,0.1872617499103626,0.26233451905335414,0.322314074881079,0.9508499247759519
688,-0.03930772620992684,0.15013053079263727,0.15519108742409654,1.8268718191893627
689,-0.13581938989943865,-0.33032848905622814,0.35716077241884553,-1.9608901766815734
690,0.41206285658006436,0.18981510835095605,0.4536800338688136,0.4316717926395742
691,-0.5312921111378728,-0.09467663841331841,0.539661906399353,-2.9652430702970505
692,0.2813465493653666,-0.058239936215159105,0.28731127894697156,-0.20412127102156652
693,0.3550667137419623,0.24899935330944345,0.4336738972500393,0.6115810502022753
694,-0.1634670289827227,-0.05972372766160561,0.17403560902940507,-2.7913033205826485
695,0.053822007018993645,-0.24944275495147394,0.25518326049593004,-1.3582852854566265
696,-0.4443846648498493,0.02466607465476045,0.44506869761036566,3.086143418192333
697,0.39376809848624816,0.014441831275178174,0.3940328436514605,0.03665954957566508
698,-0.0868522493905175,-0.04679332552154847,0.09865560570772573,-2.647412730309403
699,-0.2512711948091919,-0.08515106215219248,0.2653072119760136,-2.8148574350265503
700,0.3877351382833467,0.10459948557468124,0.40159630207721525,0.263497876092945
701,0.1907519556303896,0.04630559913414345,0.196291918040428,0.23814636193794966
702,-0.27059192519141106,0.12199570177824626,0.2968213961815438,2.7180341423374696
703,-0.3804575362179321,-0.15059395144243126,0.40917780374314594,-2.764692071271395
704,0.40790536249539855,-0.17144877233027955,0.44247199491726313,-0.39789578975295126
705,0.1257522154430717,0.42627478596830315,0.4444365115977347,1.2839304877320752
706,-0.31039311382539836,-0.0016749039642718344,0.31039763274470417,-3.136196632758287
707,0.14824252587573028,0.12020023251511702,0.19085057603975095,0.6813128361198041
708,-0.2693105095977444,-0.10222250047854686,0.2880583103885102,-2.7788204327620267
709,0.3430206228537145,-0.1171315786816649,0.3624678667515361,-0.3290564452290823
710,-0.16233843393069947,-0.0309851185423895,0.16526900708287082,-2.9529936403202166
711,0.1242617971878417,-0.22136066112562958,0.2538533760546196,-1.0592774853139495
712,0.03932396021116347,-0.10192079537085874,0.10924386653591873,-1.2025660289200357
713,-0.018792002956729448,0.0787326831832047,0.08094426957081403,1.805093860308094
714,-0.2989274267831661,0.24738354803497487,0.3880157552491623,2.4502649914813017
715,0.26538643494916414,-0.2604692691822379,0.37185239012726007,-0.7760476468558961
716,-0.12798673895099455,-0.16355774752361185,0.20768182906144578,-2.234785700491341
717,0.5415635571804387,0.1403650818388087,0.559458168825468,0.2536043937014531
718,-0.5683605246221077,-0.058939511789276366,0.5714083933568668,-3.0382610781118347
719,0.23516209950855682,0.18955170920031605,0.30204480380571613,0.6784172877291608
720,-0.43275343666448407,-0.04170374233058283,0.4347582535953714,-3.045520954431983
721,0.10882799509874985,-0.056451443560092684,0.12259811579804908,-0.47851255382493374
722,0.3635771252243103,-0.10476497059789835,0.3783702222040634,-0.2805506577723106
723,-0.032943618993726886,-0.19207571824773595,0.19488038272947714,-1.7406573073384457
724,-0.3095612698223249,0.24604375846678295,0.39543104437369464,2.4700216636119463
725,0.5562532086019019,-0.24183921814687892,0.6065507724121738,-0.4101122166015536
726,0.1511683161761539,-0.11812059570360134,0.19184455933100442,-0.6632865773776685
727,-0.22730457733905496,0.07671092046825834,0.23989984618247231,2.8161140751245237
728,-0.07926387523139056,0.009177172928900745,0.07979337328164789,3.0263258578692214
729,0.022090552667009433,0.19724339515460088,0.19847657153741835,1.459264685676333
730,-0.15448812428303427,-0.08334410646108381,0.1755358100966487,-2.646857801455805
731,0.33676446742640564,-0.1761045912257373,0.38003043769121264,-0.4818236975014433
732,0.05466689452850915,0.22217705675791422,0.22880365798430885,1.3295377770928474
733,-0.2681713741239946,-0.07724609803074145,0.27907498196815567,-2.861137189678757
734,0.04557789962939296,-0.06713384971351388,0.08114369175717659,-0.9743648081164478
735,0.29135699729624776,-0.07693434932423315,0.30134331580346835,-0.2581627805106634
736,0.508210222615844,0.01666572165549951,0.5084834084309382,0.032781220798088775
737,-0.6618867371166743,0.1329217405954637,0.6751016530078158,2.943406366183821
738,0.35168055029669176,0.046069670579356625,0.35468524638653126,0.13025691282814825
739,-0.6343694477928921,-0.4516234146005331,0.7787093841148339,-2.522908146361435
740,0.5761986359440243,0.05200422244757874,0.57854067032157,0.09001011169414373
741,0.0057019707400058905,0.11580420014371384,0.11594449206946061,1.5215980291284095
742,-0.15414961434919405,0.15298872258534857,0.2171811521341159,2.359974175422304
743,-0.013269802720401458,-0.13092067262596174,0.13159145179331605,-1.6718089377374976
744,-0.004126674925373663,0.08642629861753903,0.08652476257504402,1.61850799778168
745,0.033879627018450265,0.06796988852221375,0.07594560469593661,1.1083890611957092
746,-0.25359646400863767,0.023922284974617014,0.2547222846083378,3.0475388831739285
747,0.14100741439551712,-0.44129704131523795,0.46327763769481894,-1.2615202542209603
748,0.17040832648979176,0.2097886847146242,0.2702781714666271,0.8886089332360878
749,-0.1826454037068288,0.2798420157867554,0.3341719576727304,2.1490485287653356
750,-0.3191040372722682,-0.05686400808099279,0.3241309951524173,-2.965244777648869
751,0.3553281405626194,0.20432869760361427,0.40988816052684157,0.5218660400421584
752,-0.047350580534498476,-0.17987545619291723,0.1860033795864046,-1.828197687954984
753,-0.5500501058688769,-0.0273304424325147,0.5507286737132177,-3.0919462957111263
754,0.5700782484580031,0.20505637503651997,0.6058360556355677,0.3452887770518288
755,0.07539608828665223,0.06602381993008066,0.10021833628178216,0.7192223093061324
756,-0.4983971049517777,-0.26971403933742977,0.5666968653875067,-2.6455594458794605
757,-0.044711198362506366,0.3212600689720375,0.3243564754632312,1.7090825115300152
758,0.11184825826717315,-0.1885307611630651,0.21921195401283428,-1.035345491007211
759,-0.12749710541743298,-0.108010244472041,0.16709794972031847,-2.438750596642213
760,0.37192016225378666,-0.103669424322959,0.3860983768812512,-0.27184091733611104
761,-0.3442561026039357,0.0030516247480818492,0.3442696277536759,3.132728482994273
762,0.10641567477114222,-0.08508336446408293,0.13624784308577323,-0.6744591065712764
763,0.5379420975527864,0.08242150699891226,0.5442196295021554,0.1520339961781282
764,-0.2736934921417742,-0.15259267507303775,0.3133570680975699,-2.6329856859869984
765,0.22332806078350131,0.014002469619526892,0.22376660137018892,0.06261713819543625
766,-0.09324768697410946,-0.04232192468748508,0.10240252162556672,-2.715528681010227
767,-0.004543739329960772,0.5711989031328244,0.5712169749816968,1.5787509000079138
768,0.1772986993548784,0.03184930885402082,0.18013663499524565,0.1777407748014136
769,0.4086636621705111,-0.35284261474225787,0.5399110107756342,-0.7122255746247891
770,-0.4645676979610016,0.27857583672158626,0.5416896185029914,2.6014340027858323
771,-0.09990605433051769,-0.5217458702795739,0.5312249738535287,-1.7599903027550527
772,-0.0389236507634223,0.06753234308251876,0.07794657113028054,2.093659968359301
773,-0.005305675250156128,0.12077865597166237,0.12089513608156986,1.6146970166882126
774,0.217600425586852,-0.12413388572741724,0.2505177973744911,-0.5184210193974312
775,-0.2656253590273536,-0.0479629679939535,0.26992087295575995,-2.962951315772201
776,-0.011772469241009276,-0.09605418435387492,0.09677291647934715,-1.692748844362724
777,-0.2053440257930106,0.19216187914719285,0.28123363370383164,2.389344482208558
778,-0.1269041406900442,-0.2576321563386159,0.2871915543743645,-2.028489377074723
779,0.5487287360851951,0.20201205790971244,0.5847325006757985,0.3527478144197489
780,-0.2303200135102088,-0.29429014860835423,0.3737030909576077,-2.2348551000591623
781,0.1644569085939338,0.36717093560775993,0.4023189912735307,1.1496877601043605
782,0.13624639395925442,0.07837174369859667,0.1571789110448946,0.52200011262805
783,-0.08575733400118679,-0.06511235624986966,0.10767515624043017,-2.492189642160512
784,-0.199522701405499,-0.2795907096550536,0.34348256622653267,-2.190607657596304
785,0.21971930551626428,0.10050223780518763,0.24161389244081138,0.42900059012784236
786,-0.023219297048740373,-0.09911590226585076,0.10179930175306372,-1.8009107805318707
787,-0.14031800751035917,0.007322111322025648,0.14050891980899058,3.089457676189561
788,0.600092883172124,-0.027357506624070993,0.6007161572677386,-0.04555724335201912
789,-0.5520207442210676,0.09116183145209789,0.5594974366018866,2.9779277631276106
790,0.2779905948167425,0.07592724810751861,0.28817306919930424,0.26662577553797046
791,-0.48026311482919937,-0.07102065686518699,0.4854859350866999,-2.9947780273259967
792,0.16466136475742132,0.0916895025433746,0.18846837909959338,0.5080770133066579
793,-0.02611559748390846,-0.10686361460710714,0.11000843858012825,-1.8104809847124277
794,-0.3653235411413789,0.16031566687570376,0.39895162959671987,2.7280647371724376
795,0.6121143513496463,-0.008534921489967928,0.6121738511346578,-0.013942441350651409
796,0.25146495150784176,-0.08268828471761935,0.2647111147390364,-0.31768873724026
797,-0.4254365037139678,0.23253890488837214,0.484840758372322,2.641372038975238
798,-0.0002057299044508909,-0.23683483990026843,0.23683492925533464,-1.5716649905978708
799,-0.06141468042824272,0.1854476424793461,0.19535247905580966,1.8905985447302331
800,-0.13794051315551314,-0.21869136787734078,0.258560436945927,-2.133522843843334
801,0.3333199724041833,-0.023370631723082624,0.3341382804029815,-0.07000014696758364
802,-0.07429297432429394,0.03703471678176129,0.08301214538280209,2.679149332119071
803,0.49409659544778606,0.023949424173110856,0.49467668284579247,0.04843323104824771
804,-0.4713176970170707,-0.005837394219611269,0.47135384446586454,-3.1292080225675063
805,0.20148814147376015,0.07199048901316019,0.21396285112818983,0.3431579132047449
806,-0.2758567411332251,-0.1395532633134735,0.3091473029642711,-2.673243875939821
807,0.12658522508661463,-0.10508657175836333,0.1645205360256115,-0.6928652827615488
808,0.025899941061766185,0.1845551676716468,0.18636366829753226,1.4313697593050985
809,0.037662822771835636,-0.09994857506887911,0.10680920314955104,-1.210429237131242
810,-0.0245065498297663,0.3036002488864824,0.30458772481584495,1.6513414889989833
811,-0.6182925944819999,-0.07187644144295291,0.6224563882118851,-3.02586223388747
812,0.3146355055193908,-0.16090985050027484,0.3533942293267724,-0.4727391953559411
813,-0.2496634415049357,0.04256752684790399,0.25326631905177494,2.972716930772402
814,0.37985865659936735,0.12087218259574684,0.3986259945348969,0.3080720596278495
815,-0.5329565211885665,0.1418815395147135,0.5515188344313222,2.8814110799753783
816,0.27296500290105996,-0.1496163897602969,0.31127954782426803,-0.5013953413729535
817,-0.44770655579338836,0.3757327728573614,0.5844794921119644,2.443379211847615
818,0.5330796069324606,-0.17544824049002727,0.5612093659395869,-0.31795560187905586
819,-0.403800456805925,0.2184761962002426,0.4591150805874281,2.645646880290549
820,0.09774127130128818,0.07073540051692362,0.12065178408080678,0.6264558411541407
821,0.37587514295296387,-0.14779077538150887,0.4038864151934039,-0.37462292296294963
822,-0.009160454402035612,0.06219913168104085,0.06287007162972882,1.717021394399865
823,-0.15639596172013626,-0.27519796498262394,0.3165337529757985,-2.0875834330351273
824,0.1924772757199662,0.0710032733678645,0.20515595652461954,0.35340474172239983
825,-0.0770326434768549,-0.011319145114100593,0.0778598176670502,-2.995697106589515
826,0.1017612618838939,-0.10410571875547703,0.14557937730941467,-0.7967858833719698
827,0.3040825247197745,-0.19357224591703925,0.36046691419507415,-0.5668817803407717
828,-0.27492486193318655,-0.03886799236948946,0.27765878437358393,-3.0011466519909944
829,-0.15353349210124634,0.1349413347818995,0.20440571672417618,2.4205553181250017
830,-0.17126665517707806,-0.2693669471372573,0.3192034138062908,-2.1371325935632073
831,0.1356778401561769,0.30381536605079873,0.3327345082164246,1.1507901838049661
832,-0.35881740012166574,-0.24207212475084816,0.432838122410055,-2.5480911989362607
833,0.6419050533181689,0.07341907616131493,0.646090131653303,0.11388196411197042
834,0.1592507216460035,-0.11132651809077743,0.1943048789273936,-0.6100978022701492
835,0.017793771342553555,0.11004911490658742,0.11147836557069879,1.4104943048065661
836,-0.15428532051964794,-0.00897431164247564,0.154546104439118,-3.0834911382495767
837,0.4059579337450714,0.12246951240922499,0.4240290384399647,0.2929976429400065
838,-0.35464178590939355,-0.1041501060782366,0.36961877780912605,-2.8559469009784384
839,-0.08448858915198798,0.09966253655932178,0.13065581843274937,2.2739807944236956
840,0.11640233673949751,-0.0925214178316196,0.1486933648687409,-0.6715876430012997
841,-0.30479756555200765,0.13741247108868038,0.3343407590724287,2.7180471191535664
842,-0.36347352493487506,0.2710384678317723,0.4534036329510141,2.5008558417730264
843,-0.25103467388180434,-0.0627836100364334,0.2587666693763917,-2.896520482001143
844,0.20511875766965204,-0.08968832730147369,0.22386983003986427,-0.41220120226977897
845,0.20192228051234906,-0.06914281363611963,0.2134322750776624,-0.32990874001048565
846,0.3590619206769361,-0.2373135770531576,0.4303988809627359,-0.5840181815790203
847,-0.0643576882389425,-0.007808243202873655,0.06482962823721991,-3.0208570274083346
848,0.07150565927986463,0.02837871226660127,0.0769312070551258,0.37780834901711335
849,0.04889162728284191,-0.21926189392615925,0.22464676571553538,-1.3514027282112278
850,-0.22176199004798036,0.29892623341964963,0.3722032687343025,2.2090686881676262
851,0.3019299347173501,-0.15383305180284879,0.33886028581909866,-0.47121803647159494
852,-0.06199761433356343,0.10470783104460679,0.12168580058954781,2.105387513965366
853,0.07587377728498268,-0.21893426941068128,0.23170896487162496,-1.2371897153374734
854,0.07589266967477215,-0.04755635598189656,0.08956173460044724,-0.5597680595619171
855,-0.16793236821274604,0.3085337118793632,0.3512752932666902,2.0692464788458733
856,-0.08570587055658052,-0.13589472666285474,0.1606638508894684,-2.1334685782564087
857,0.16239172494249487,0.09670725288111726,0.1890062567472603,0.5371176565459012
858,-0.10371946535030929,-0.3202536224537198,0.3366305247408258,-1.884002801229607
859,-0.046773874651762526,0.42085212062534083,0.42344338793371805,1.6814829528241149
860,-0.20181323268332108,-0.1733364017917438,0.2660339998425035,-2.4319571245370737
861,-0.12000091774245902,0.2280671534525709,0.25771078119277613,2.0551560444249626
862,0.17977389274653888,-0.18227607382124233,0.2560141003947459,-0.7923092018420272
863,-0.24824908867105933,-0.07491880952238716,0.25930761278115844,-2.848495512032221
864,0.31853281853284443,-0.004036504036548649,0.3185583931515776,-0.012671498057552777
865,-0.0020986895987107346,-0.14119450646086307,0.14121010287071686,-1.5856590513804214
866,0.0929114233179007,0.20710194704508922,0.22698843374239377,1.1490851845716297
867,0.0001875350154705302,-0.06427446629498945,0.06427473988191444,-1.5678786132125795
868,-0.03671868344270024,0.02987910041588293,0.04733943763320013,2.4585355498944748
869,0.12741050525119135,0.08395703352994133,0.15258512485662407,0.5826406016818022
870,0.061477774824197695,-0.07723779317677781,0.09871774659175249,-0.8985269796413866
871,0.16628589935157834,-0.028398686804564477,0.16869346678335526,-0.16915037627609242
872,0.27683207050506553,-0.024347153406552025,0.2779006641573995,-0.08772346194082332
873,0.035800062162707036,-0.11672866634933143,0.1220951514129338,-1.2732089876436832
874,-0.15656741947952924,-0.29329727080261137,0.3324705188475201,-2.0611310639240457
875,-0.2725661252474083,0.15758106146847695,0.31483977443442207,2.6174026573476215
876,0.4418293941732827,0.11997747916694834,0.4578294541232418,0.26515322767777033
877,-0.6881828610601133,-0.002820084820541524,0.688188639208232,-3.1374948051910625
878,0.1785715075710641,-0.041503332670970394,0.18333114830546346,-0.22836421740628468
879,0.1339551847814846,0.13238030114428057,0.18833092061818232,0.7794850749608079
880,-0.1826392622651838,0.1595284765400038,0.2425003813356695,2.4236343318551685
881,0.056814294154605705,-0.07735518239843486,0.09597754041535546,-0.9373151685371414
882,-0.14189771538417517,-0.12395088585986969,0.18841120915883647,-2.4235999261199703
883,-0.4086981610390694,0.15044516177829337,0.4355088214252542,2.7888777192017327
884,0.11753335973423873,0.24567005117575036,0.27233777684176275,1.1245616297845527
885,0.28449149852679056,-0.10717564167600813,0.304009919086011,-0.36028393186917473
886,-0.012141140605422152,0.03620177839496819,0.0381834526222946,1.894382488988025
887,0.04135618079146752,0.12099617154939324,0.12786871086887028,1.2414475233466256
888,-0.016229687419127004,-0.11950447653055107,0.12060150357505334,-1.7057787001956615
889,-0.08457053617905785,-0.20116754666469205,0.21822134959876036,-1.9687630209860032
890,-0.15938126048911272,0.11479151430899037,0.19641659286437474,2.5174166998132024
891,0.32071913188224244,-0.2234396984734417,0.3908785750194064,-0.6084965951469608
892,0.009735471801832318,0.018885177838342315,0.02124686690291272,1.0948189445270862
893,-0.07142769420022432,-0.08183468444036635,0.10862242437091475,-2.288395468145382
894,0.03828139461666069,-0.13839098826269947,0.1435880594134593,-1.3009267911273155
895,0.12387830252976073,0.1134177525768223,0.16795660283904354,0.7413444094196168
896,-0.07481388780570342,0.36061733294570786,0.36829604753442563,1.7753551392345936
897,-0.15889299111779565,-0.13178099555403833,0.2064296815275685,-2.449198272602112
898,0.05176639349042489,-0.1953691910603652,0.20211105934754534,-1.3117814070772464
899,0.026686552219871373,0.18048650409372158,0.18244876055856585,1.4240009312139457
900,-0.05205756887869484,-0.24906828191677732,0.2544503871770199,-1.7768394060253085
901,-0.027771154973606826,0.27151749071725817,0.27293403015007944,1.6727231529248816
902,0.23111312574815202,-0.1450019177795525,0.2728348090930284,-0.5603280864036542
903,-0.10520006628405554,0.22254255221821495,0.24615491360922823,2.0123818302199306
904,0.14738032620778085,-0.12467021556233249,0.193037880224246,-0.7021137186616817
905,0.3065655380299859,-0.06483463502638642,0.31334638821377764,-0.2084159888878089
906,-0.5875896052165217,-0.17925108659699163,0.6143227947949759,-2.8454985869943683
907,0.17505965836608084,0.2658863203833448,0.318341670778809,0.9885383807849635
908,-0.11466093150067991,-0.07883699641934072,0.13914884554687024,-2.539260264513545
909,0.22945914009585522,0.009229654811065302,0.22964468968704835,0.04020185024338049
910,-0.14200473315077033,0.3841353931023832,0.40954284815040287,1.9248891635846601
911,0.09651821353986634,-0.493482773042615,0.5028329870193048,-1.3776487889255304
912,0.04964784957041957,0.42639854985054626,0.42927920084906956,1.4548829507491832
913,0.06171013063726605,-0.26484041953028736,0.27193489669449755,-1.3418722556427356
914,-0.21811958631144535,0.06025169214746029,0.22628835661453814,2.8720810714843488
915,-0.09158728400529981,0.07125424604930686,0.11604050228916889,2.4804155333698903
916,0.06486063089471372,0.0032225239101535408,0.06494063520178874,0.049642999232830796
917,-0.06572422463170824,-0.22478427333538775,0.2341957370285752,-1.8552550899630578
918,0.2258602356217807,0.0320068505677682,0.22811682208551332,0.14077352771983576
919,-0.4418841959193287,0.24665008036885183,0.5060611670037849,2.6324923616562885
920,0.324436633168375,-0.19431003102130262,0.3781739244013663,-0.5396214714083748
921,0.005570177111508201,0.032411902854732944,0.03288705398356952,1.4006029422661819
922,0.04358622668303269,-0.08614156644972581,0.09654081327022908,-1.1023732411734066
923,-0.042091572820481815,0.04681811479861153,0.06295741716269729,2.303083326880832
924,0.6386765970147508,-0.1695768421836874,0.6608056453900296,-0.2595248659796631
925,-0.5444748581592194,0.03697916044239946,0.5457291722773548,3.0737796804294746
926,0.07774876925964236,-0.11636979659175495,0.13995285163295362,-0.9817895467355022
927,0.4061672095386939,0.1419108296588547,0.4302446811744612,0.33613143611872387
928,-0.2345461734211085,0.13604587161012205,0.2711464302708825,2.6159798571819732
929,-0.03325320658416331,-0.2384048175375142,0.24071275988867827,-1.7093842960679864
930,-0.38441855278813364,0.1036995680515247,0.3981597972445183,2.8781073885969026
931,0.10725185634544232,-0.009736761791600657,0.10769292093601032,-0.09053590590886074
932,0.46493052133632773,-0.08049432831052172,0.47184714321507926,-0.17143255351602982
933,0.16320744825156908,0.08223916767474293,0.18275653713239118,0.46675753280222304
934,-0.1675292458144213,0.19023860069620468,0.2534891977935131,2.292804419573966
935,0.17553699094503372,-0.39479866299313926,0.43206390672122474,-1.1524220051731233
936,0.23175948911830346,0.06718096142679997,0.24130010852588984,0.2821408394789084
937,-0.3635308927047163,-0.15665201255836791,0.39584664074521964,-2.7347200874994337
938,0.14314392081269034,-0.045393179755194524,0.15016898093120684,-0.3070843446416496
939,-0.04908267361156504,0.1860272380602055,0.1923934566173387,1.8287641297274106
940,0.028569896357794278,0.004474009670559553,0.028918086735248705,0.15533714910423735
941,0.02648168952237029,-0.07141560020664883,0.07616736724368985,-1.2157032601764801
942,-0.14363818569177056,0.21694823602098268,0.26018928782991735,2.1556203375260004
943,-0.12895817694175093,-0.23303200595694307,0.26633461509998413,-2.076240453879976
944,0.3066926986139151,-0.09914442439543336,0.3223197609079958,-0.3126660115034965
945,-0.10541601358943353,0.28773797155287184,0.3064403305611859,1.9219717829699812
946,0.31052783477787216,-0.38641032523213426,0.49572217583827866,-0.8938507524526127
947,-0.3984371700776137,0.35658082532791013,0.5346981050003738,2.411575348086528
948,-0.14468335612446026,-0.07287935985499416,0.16200208218510997,-2.674976453596714
949,0.04819197889764837,0.09061364556578155,0.10263186441253257,1.082002199383144
950,-0.3667055228515892,-0.13897576682484214,0.3921571167968399,-2.779333169940823
951,0.5474926791231383,0.10605454832750638,0.5576699749084426,0.19133977707476033
952,-0.02177314909863526,-0.062221414958912646,0.0659209716339239,-1.9074089180679994
953,-0.11291215386279418,-0.1966959557167911,0.22680047064606623,-2.0919119294333943
954,0.22707113579849647,0.3666785984260059,0.4312939777651426,1.0163318605694347
955,-0.15806544471320194,-0.27923920674192004,0.320872590593586,-2.0858841050719277
956,0.22337876699782555,0.12335279731701121,0.25517442299611554,0.5045411376823844
957,-0.6272455365432279,-0.17874765768959833,0.6522175160503738,-2.863979035420118
958,0.4466585905684042,0.19083615981526236,0.48571837150924163,0.40377729071943763
959,0.12747683504812812,-0.05613502781579882,0.1392892128693682,-0.4148040326110718
960,-0.16421620749326848,0.25367488252157955,0.30218853192305195,2.1453057410610166
961,-0.17879380462579775,-0.1794935003292153,0.25334786605180226,-2.354241602651402
962,0.20934787461749238,-0.15528817743688705,0.2606548496739154,-0.6382136980878723
963,0.002708648728003027,0.14548922845705192,0.14551444043448045,1.5521809566285203
964,-0.07143996882450665,0.08057261125412651,0.10768293657750552,2.296188414365134
965,-0.5054012460948343,0.08406159767434929,0.5123443878464713,2.976775011069618
966,-0.09785554438155941,-0.06182918966004536,0.1157521328539099,-2.578088759504375
967,-0.05800052743472861,-0.0013708234376963446,0.05801672465422401,-3.117962380943194
968,0.2014436817320302,-0.1475787640206363,0.2497179378811505,-0.6322754166300919
969,-0.05510698754437726,0.10436810640703698,0.11802322530420334,2.056596912818596
970,0.6492959828067342,0.017342562173041642,0.6495275496479642,0.026703445361582326
971,-0.6212202596631187,0.06516877729376347,0.6246291544187452,3.037070492803062
972,0.39112715649605434,0.005901186353128196,0.39117167145521076,0.015086496911029207
973,0.3609885058483542,-0.2339434365247257,0.4301653552386868,-0.5750126058876621
974,-0.02507237876045565,0.08408053115908842,0.08773915828580867,1.860596170084291
975,-0.13243186972226795,-0.1287205069905326,0.18468126336484572,-2.3704050172112012
976,-0.12519090437081104,0.2667487170471645,0.2946653026460526,2.009601320198413
977,0.04024418899734883,-0.14891997817909441,0.15426196760354216,-1.306860474529234
978,-0.16887728203403185,0.0009737589043083972,0.16888008939364538,3.1358266434960917
979,0.1698145436496361,-0.281171461849965,0.3284727845557079,-1.0274747671259068
980,-0.16738997994355032,0.2309929797214636,0.2852668260876169,2.1978776702246203
981,0.022437506783717254,-0.040427985843336955,0.046237038724581084,-1.0641229303836894
982,0.1321508173592747,0.1586610001658073,0.20648765460031426,0.8763061386999098
983,0.4039541577539012,-0.14554620682656605,0.42937473131085074,-0.3458244746743672
984,-0.14290450808243804,-0.39561788106027507,0.42063666773702163,-1.9174302121579585
985,-0.09543237976799901,0.20413423710840561,0.22534002278338028,2.0081060627253113
986,-0.01949153824602945,0.1434296623535829,0.1447480158967964,1.7058650554148604
987,-0.05418390383226779,0.008134793115914363,0.05479115159898696,2.9925726156428025
988,0.2947085711671207,-0.023180875396633382,0.29561883381056775,-0.07849532829803002
989,-0.22185361314723195,0.2707929539959082,0.3500683498980045,2.257179685616027
990,-0.7717654073298945,-0.1131992183010766,0.7800230169520979,-2.9959554464814686
991,0.23419210292593107,0.12530735648772406,0.2656084988527503,0.49130241205306713
992,0.2363369995073299,-0.3189023394368178,0.39693057256200737,-0.9330186785173986
993,0.07950996375291197,0.3806774227857659,0.388892188858046,1.364892010244766
994,-0.43982827626314247,-0.21664585685124393,0.49029005689634053,-2.683907345728158
995,0.3469512713872973,0.3192991144892403,0.4715157571395414,0.7439178189867189
996,-0.4583570076433716,0.0015292414608438776,0.4583595586820803,3.138256311478181
997,-0.05184758713039628,-0.23551006315449285,0.24114966750604747,-1.7874898916646553
998,0.7561270205080746,0.07983434581836946,0.7603299243845827,0.10519350925169452
999,-0.04414526364996618,0.16058596359727062,0.1665432556640735,1.8390706213279946
1000,-0.511902596403047,-0.332020039885208,0.6101488138885103,-2.566202223654619
1001,0.43626956599484856,-0.01328171718125759,0.4364716923519971,-0.030434431398224247
1002,-0.6534444704595899,0.1775061422567319,0.6771248825091875,2.8763464896635944
1003,-0.33977515487413257,-0.1421592242342058,0.3683156267450676,-2.7453322842197845
1004,0.10478293205858336,0.25695113197593855,0.2774947694543266,1.1835897540738656
1005,-0.2447155868705977,-0.2612132668843401,0.3579358731027256,-2.323597345074403
