180,-2.1982641830866783,2.394801003763618,3.2507594906835195,2.3134306728077663
181,-0.07964004019095228,0.13595038213648358,0.15755964713299028,2.100710891552052
182,1.8153229115286535,-2.803931438248723,3.3402737587689457,-0.9962365461308766
183,0.13138438301552924,0.4536912294652211,0.47233207364526414,1.288917262443158
184,-1.3019628410241353,-0.5514164604888236,1.4139191463112948,-2.74097028280755
185,-1.4500989493091652,2.491670886202014,2.8829170588024686,2.0978593383645725
186,-0.05880916964150629,-0.0544647928334232,0.08015567411176312,-2.394528529950056
187,2.1277269486633372,-1.8129957088334603,2.7953846619591975,-0.7057009527459018
188,-0.30310863232466545,-0.5378023805210361,0.6173380301616146,-2.0840255334187936
189,-1.4941317966135443,-0.3531805214843384,1.5353065838481796,-2.909474808999329
190,-0.6311989142787411,2.7196317599225246,2.7919185122359766,1.7988486533324315
191,-1.1630594151852165,-0.33005888824176566,1.2089855553141933,-2.8650775240282256
192,2.1651451041836367,-1.4544495071609962,2.6083091632418185,-0.5915178100260858
193,-0.0036059223140227914,-0.24775174979880177,0.24777798974909543,-1.585349877791865
194,-2.4469845218366117,1.5805787117817314,2.913067509386892,2.568084492876024
195,0.04015578785964635,0.8964685257459397,0.8973674302935936,1.5260329444067484
196,-0.20875568627371877,-1.372272997629704,1.388060559404821,-1.7217629064820992
197,1.9184011654539859,-0.5995702840907171,2.0099123257445424,-0.3029180723763309
198,-0.15733644777105837,0.1323741755193666,0.20561536941981515,2.442144988578889
199,-1.8636017608993711,1.6373444471925485,2.480707230202611,2.420732213301761
200,0.2285774333219024,0.6941499616617381,0.7308158538914035,1.252688145815451
201,0.9094579547801231,-3.063935412636054,3.1960622622718278,-1.2822533182055245
202,1.0933802684387501,0.3813639785150791,1.1579805246721737,0.3355996213648362
203,-0.8307516700113524,0.3898342926683096,0.9176704816909239,2.7028422280032505
204,-1.277502120808208,3.132258790533408,3.3827587557411296,1.9580544134343
205,0.23044612252573415,-0.5431904868900119,0.5900519641819303,-1.1695649167787212
206,2.1922596570935298,-2.4385992767322513,3.2791414785883974,-0.8385433052454083
207,0.39155375773088963,0.46345516386842966,0.6067166011487515,0.8692951002962962
208,-2.6409859386647554,0.08676813701216624,2.642410913886317,3.1087500184426826
209,0.10862417547809855,1.5855157229376466,1.5892323049764578,1.5023929029095662
210,-1.3699672885672385,-0.7864858747697259,1.5796741445489866,-2.6204417884613016
211,2.3854627455870627,-1.572358910284576,2.857051811454435,-0.5827751775284863
212,0.04265375456589027,-0.3081383992818729,0.31107654345926206,-1.4332464076067264
213,-2.2764745934774737,1.0490902277645784,2.506576725484294,2.7097609532533635
214,1.0003249565048122,1.692460630326197,1.9659788920053294,1.036985407896592
215,-0.9609804116902296,-0.9435377772868954,1.3467542050499854,-2.3653527890407573
216,2.6917449353701954,-2.017015544533681,3.363605580917834,-0.6430746242949835
217,-0.6022138753991158,-0.6180384015960279,0.862921211681921,-2.343226975616342
218,-2.157056214997567,2.439938033616098,3.2567144674573516,2.2947357307245246
219,-0.4811041341563964,0.060774805320971126,0.4849275872377007,3.015934636927658
220,1.5700511220439353,-3.4838385647115437,3.8212814173785747,-1.1473878500230863
221,0.729493082221893,0.5006602690847863,0.8847716440131026,0.601480577800006
222,-0.4221981403639461,-0.4224194002827346,0.5972348109931298,-2.3559325255715797
223,-2.062373436291466,2.515066365378466,3.2525287105541003,2.257618497647221
224,0.30197280952495476,-0.1623604280937343,0.3428534472674517,-0.4933242222501794
225,1.6027291616905472,-1.9135095220922835,2.496048768928829,-0.8735534082998327
226,0.7371179677832629,0.3136864583031418,0.8010880679124462,0.4023431951901069
227,-1.2401498089396341,-0.3235475840319886,1.2816608708023929,-2.8863874306946538
228,-0.6322507059273335,2.9194505556590293,2.987127801431239,1.7840678250019373
229,0.6000559078220817,-0.007619817734818568,0.6001042860490954,-0.012697830492533872
230,2.0037398069493975,-1.6585441915583576,2.601104005860891,-0.6914189009914677
231,-0.2368435810647611,-0.3268592557671397,0.4036481821738189,-2.1978450186145415
232,-2.2327413407073777,1.5120398719854116,2.696553071789509,2.546324725549074
233,0.39331688677702914,1.143737925436083,1.2094770008168032,1.2395775118596528
234,-0.3303757307194246,-1.3182663667914802,1.3590343399863019,-1.816352591365586
235,2.6619908966002868,-1.418971657140295,3.0165669389805148,-0.4897359543116142
236,-0.021375008504662674,-0.0015351189856254166,0.021430062502812007,-3.069897346339228
237,-2.2762440625164118,3.3745576161912147,4.0704945813912286,2.164223794125899
238,-0.4446903841350718,-0.3927023945820771,0.5932661362767094,-2.4181980710121334
239,0.9976018024261748,-3.3796564802424154,3.52381714631286,-1.283768810391491
240,1.392778171621103,1.1260127028715274,1.7910152546453268,0.679881385934263
241,-0.03058357239262932,-0.47084767929673177,0.47183990081320293,-1.6356594895417134
242,-2.111626438888891,2.827068348834688,3.5286373668028665,2.2123307096420977
243,0.8298420102850059,-0.7115228538653753,1.0931159744540322,-0.7087858187000917
244,2.3646136271722753,-2.3977080507435566,3.367551262031402,-0.7923472720668393
245,0.7111813590713609,0.17168238094855504,0.7316103918198216,0.23687256435339193
246,-2.1902897453681476,-0.06524151430324743,2.191261194803907,-3.111814753393424
247,0.3594031794713146,2.5566858292280017,2.581823594823892,1.431137607428458
248,0.29354265991725015,-0.39054625603112925,0.488562863192882,-0.9262587609887423
249,2.254722289035442,-1.9976260203084095,3.0123549455013494,-0.7250118373444108
250,-0.0659240006639834,0.19666648475215354,0.20742150343759908,1.8942323159548373
251,-2.8986478756785345,0.7112492242068669,2.984633137608465,2.900973760763537
252,0.1800137213397761,1.8193850458569738,1.8282688218526775,1.4721752397602945
253,-0.05686184911797909,-1.6914921291021052,1.6924476041223517,-1.604400056618177
254,3.0840329041521386,-0.8499461879114651,3.199010390142287,-0.2689199382983174
255,-0.16409496685588465,0.32345111893060974,0.36269516744078256,2.040287064258249
256,-2.861663916147563,2.0844663039083606,3.5403559342402837,2.5120525456376
257,-0.2978694889357598,0.5379972767708807,0.614953089472469,2.0764479018278306
258,1.484496885250394,-2.368100483315704,2.7949294984664985,-1.010851683724417
259,1.271759238856987,0.3449872797015061,1.3177206778274173,0.26489307675390134
260,-0.8253784431377085,-1.0722247957384994,1.3531132942192585,-2.22683764332005
261,-2.0171992564656307,2.2891130105074193,3.051086890791515,2.293135143436845
262,-0.5524111094436535,0.12116919285663563,0.5655439922183744,2.9256661975693796
263,2.46341336385143,-1.4560082335269868,2.861531998300944,-0.5338149622316911
264,0.3453705778547942,0.6600758763399366,0.7449704682560844,1.0887389886721428
265,-1.1872437830782587,-0.595213986832956,1.3280916725059146,-2.6768728192119307
266,-1.7086710801409026,2.5068714129585583,3.0338030821427284,2.1690628652019273
267,-0.3351282312657986,-0.6950165008936136,0.7715950154749218,-2.020092617204545
268,2.282864693966758,-0.2659962326867866,2.298309206082485,-0.1159955609483274
269,0.09007705979308867,0.46917758566609535,0.47774625439916735,1.3811151281964649
270,-2.3189509959094607,-0.5110177660979307,2.3745889915303655,-2.924693349797501
271,-0.04821026437491582,1.5081983101127623,1.50896864520708,1.6027509138262208
272,-0.39100941534542244,-0.6920934449052432,0.7949098687081296,-2.085057259440531
273,2.042961190455003,-0.32280418143900036,2.068306787026486,-0.1567123686710917
274,0.08618595170361232,-0.2785508681436113,0.2915794993044211,-1.2707305663657786
275,-1.9495502512655207,0.46701492878761997,2.004706743122285,2.906473127403407
276,-0.00986015817028374,0.06223002153217294,0.06300633538809983,1.7279369554577952
277,-0.5633541500446313,-1.175685481779544,1.303688709178578,-2.0176421548576835
278,2.41079801865709,-0.17734139037859897,2.4173119483224266,-0.07342902364242182
279,-0.7887592523106832,-1.0291731418492471,1.2966643798645656,-2.2247116653933343
280,-1.00343117979196,0.9378518531426767,1.3734774228293078,2.389963083719611
281,-0.020592802044063774,0.5737635607448919,0.5741329873249604,1.6066716735476676
282,2.0248888874356794,0.0941364634136459,2.0270758940415954,0.04645624410572802
283,0.13614714779788528,0.1639118935311945,0.21308016025543267,0.8776663711975609
284,-0.6903579549642131,-0.1814813495497809,0.7138134113455563,-2.8845287845452097
285,-0.8355558498345204,-0.060728439216678254,0.8377598232920825,-3.0690399382403504
286,0.27739938635414774,-0.04375708041746584,0.2808293105007351,-0.15645125642031965
287,2.0842658126751417,-0.08876984070068161,2.0861553303875513,-0.0425647361763371
288,-0.4539125337350356,-0.03187716576938904,0.455030484670257,-3.0714802137671815
289,-1.669769105312696,-0.4642372063216538,1.7331027230923433,-2.8704164991085017
290,-1.2025233199055947,1.067952421624609,1.6082862648703558,2.415395144963895
291,0.13850859753853229,-0.49024290400241277,0.5094337410466743,-1.29544259008265
292,2.2294447739863585,1.043109978869552,2.46140253275898,0.4376220745853256
293,-0.3066157556351641,-0.31325540846007627,0.4383402474484996,-2.34548355653686
294,-2.413074142959317,-0.7311978516251738,2.5214236291508243,-2.847372032327253
295,0.6258483543098237,0.5073543977393005,0.8056641033940403,0.6812112484240493
296,1.183901018713243,-0.9127330972441428,1.4948924138262059,-0.6567772813060864
297,1.1732166060864984,0.3854688464731719,1.2349183926067664,0.3174459572045082
298,-0.4368999755163827,-0.6462365875218854,0.7800662251745984,-2.1652794399955373
299,-1.7136564619758587,-0.09394151144059393,1.7162294360729746,-3.086828131205031
300,0.05767643339942197,0.06517075749469647,0.08702757380342448,0.8463279061503921
301,1.3695691145878754,-0.653013792580392,1.517282627902015,-0.44491787676527855
302,0.6121998249492435,0.5627790741296241,0.8315701485419503,0.7433619720032374
303,-0.2317018726733977,-0.60898309674565,0.6515720757692745,-1.9343569430031764
304,-2.1992883493314253,-0.66388455075891,2.297305365039943,-2.8484272407855884
305,-0.28624574844661765,-0.3375093366691235,0.4425485067680108,-2.2741933395992495
306,2.0026566512398176,0.9852594348136865,2.2318982540977235,0.45720799994848843
307,-0.06101817604422877,0.3761414868037889,0.3810585727978435,1.731616728484478
308,-2.9046510449268226,-0.7349200064955035,2.996181754957772,-2.8937784524701855
309,-0.5634775347656955,0.7284156653315534,0.9209214481626733,2.2292098232078077
310,0.9255960589837287,-0.5681392472009019,1.0860526085858906,-0.5505113942213019
311,2.098099233615642,1.1922054762213712,2.413166859467196,0.5167324795518045
312,0.7271082105873461,-0.291008834891084,0.7831810083806927,-0.3807026407152024
313,-1.706724703203065,-1.3180108987491934,2.156400227635224,-2.484005615318803
314,-0.5190579993468987,0.37869453143952825,0.6425190696222245,2.5112886948755175
315,1.167573923433963,-2.0021689140676155,2.3177379548045702,-1.0428552772726327
316,1.7754544941269046,1.7370494518783968,2.483863816513792,0.7744647914976891
317,-0.39266736955181614,0.22805355476807065,0.45408819292412345,2.615425019391529
318,-2.0646496369509464,0.00410757394750938,2.064653722909827,3.1396031787390863
319,-0.20377021245229798,0.08324244237674172,0.22011724988219308,2.7537705173504397
320,1.440020646551659,0.2933127179171411,1.4695889945787557,0.20093771368179497
321,0.016762883366709502,0.34190244346651255,0.34231312435712674,1.5218072901583346
322,-1.1154981244741293,-0.5512257319825515,1.2442611756801705,-2.6826343055357778
323,-1.205050125738353,0.4936442918510693,1.3022405662623031,2.752798283324846
324,0.6680127989955054,-0.2590828364554074,0.7164949516692974,-0.369980846114408
325,2.5673709391326156,1.3062515912135488,2.8805705613038914,0.4706545256959489
326,0.20895133404741273,-0.009918543890588438,0.209186609306387,-0.04743259670385353
327,-0.20118924735805876,-1.0289151314391187,1.0484004296817515,-1.763895260490082
328,-1.163397655500205,0.2652296879607423,1.1932480430317607,2.91744501778723
329,-0.5614937098890778,-0.7341268883821481,0.9242388622486368,-2.2237311053463973
330,2.694736548219339,1.811364495854038,3.246944163540487,0.5918140333707198
331,-0.3659417405376644,-0.05413969158293774,0.3699249432958406,-2.994711910581226
332,-2.6895230963477275,-1.405169990379047,3.034474779537592,-2.660138401716622
333,-0.06682744319942913,0.19113824607807217,0.20248391609798194,1.9071404528711098
334,-0.5911691866318733,-0.7224130581504618,0.933467532273776,-2.256612030802664
335,2.228706583680207,2.034993598867562,3.018001322658996,0.7399963161175989
336,0.24795728331650935,-0.8485141527895586,0.8840017431169952,-1.2864874796616617
337,-2.4391868311015514,-0.9329717183431931,2.611526110198303,-2.7762690756820763
338,-0.07127553045540935,-0.1345050774436718,0.15222291910165214,-2.0580843205590478
339,1.8297708444852674,-0.035513890304786244,1.8301154553013612,-0.019406491245576606
340,0.8715950304015792,1.1748158989298947,1.4628295503575206,0.9324998909644954
341,-0.10995006111971861,-0.7118362387480186,0.7202776178218757,-1.7240450275250954
342,-1.7945956522036681,-0.6721197475025118,1.9163294366812689,-2.783239067804931
343,-0.07373512657164838,-0.18829380734921308,0.20221628712000322,-1.9440370622963477
344,2.0642714570858516,1.3426519027672352,2.4625049808160435,0.5766732992660574
345,-0.06813939464626628,0.16578728163234224,0.17924396741257762,1.960753589457815
346,-2.1664044061296295,-0.5307226582898448,2.2304651064116903,-2.9013455953080762
347,0.16459568610605402,1.4070772120991144,1.4166714582758202,1.454348534224245
348,0.021172559089507104,-1.598100194025708,1.5982404410486566,-1.5575485213514328
349,2.5924620406121903,1.5943397559328734,3.0434813436857495,0.551369135914739
350,-0.08546814902376809,0.2778573520571239,0.2907051987662855,1.8692083920836455
351,-2.7985264757095365,-1.1201572282377104,3.0143826318535654,-2.7608563003836477
352,0.46555281164785356,1.0042606516290729,1.1069231576056542,1.1367087536614544
353,0.75026223200598,-0.8320522434695672,1.1203590284535287,-0.8370423120530415
354,2.0543053029139173,1.4836372249250847,2.5340382184891466,0.6254761734270791
355,-0.2626713733731094,-0.5528530841516073,0.6120806997820301,-2.014342296411614
356,-1.4995198049551846,-0.8124522565466581,1.7054730471691986,-2.645060412454476
357,0.2158667027118213,0.7826988677999704,0.811921148261966,1.3016884676542937
358,2.5424488692280534,-0.5692924616509334,2.6054059490857826,-0.22028149272638678
359,0.42909568482099303,0.8868475848231636,0.9852013730393778,1.1201570334672823
360,-1.42076972155769,-0.9360988930781549,1.7014310856797177,-2.5590089759246415
361,-0.9236131398607768,-0.09075684307919651,0.9280614401477871,-3.04364426329391
362,-0.7661953072060896,-0.24087042372456935,0.8031648708763897,-2.8370031571105394
363,2.474018849310255,-0.16709305113949036,2.479655087805871,-0.06743670424987683
364,0.31088737666829047,-0.14750808787575487,0.34410695569902816,-0.44301937084265447
365,-1.613059633198361,-0.7658610275578148,1.7856383995047662,-2.698317471082838
366,-0.30098560323284573,1.5202556544892776,1.5497643654311006,1.7662522375335727
367,-0.355186732231914,-0.47983415433775,0.596991147691998,-2.2080140400727206
368,2.058066769344009,0.21602096725180253,2.069372824159651,0.10458011140308604
369,-0.09731162488941436,-0.6194556822559889,0.6270525453403811,-1.7266150425423148
370,-2.2997509297583747,-0.6730002298425308,2.3962019214357975,-2.856901307556089
371,-0.5410359363727935,0.9389294903640781,1.0836551445557452,2.093551771342892
372,0.5731929240915292,-0.9117934366974811,1.0769946143937772,-1.0095813291438553
373,1.3662050064975233,0.40507721087668536,1.4249925145594737,0.28824096871244836
374,-0.19181178902942975,-0.674751203587272,0.7014848174787125,-1.847760556489095
375,-1.9504836722168193,0.36728050657041145,1.9847623349134342,2.9554697915323698
376,0.014628248207202432,-0.0008824689177941991,0.014654842100902829,-0.060253334696664995
377,1.4433964284517629,-0.9616091666523623,1.7343833022308408,-0.5876883178010468
378,0.9607051972342333,1.2676489750502444,1.590562290493146,0.92228138973643
379,-0.39249961786532594,-0.7112628264252265,0.8123735337139122,-2.075047163135232
380,-1.269685349051656,1.4609673312988374,1.9355945930692389,2.2862588192735886
381,0.2520470533689263,-0.10712612325901105,0.2738680766289916,-0.40189123238111973
382,1.7043212232064207,-0.7126976331330734,1.8473355808150598,-0.39607219509119534
383,-0.7434794201451496,0.07482683688574632,0.7472353736927166,3.041286292745748
384,-1.509794791199738,0.26549273080800084,1.5329601109114843,2.967525372927012
385,-0.6178295338872886,1.4871377300889765,1.6103701317391534,1.9645492595742264
386,-0.12716533010973308,-1.1031018152989542,1.1104074189673652,-1.6855694689877103
387,2.0838905254540805,-0.24372441167145809,2.09809468588095,-0.11642749687658421
388,-0.18288431470358546,0.0984243259853077,0.20768731427379528,2.6478710702550696
389,-1.7901070464849909,0.9474475854120552,2.025374080257361,2.654805192699863
390,-0.5926584570067917,0.5391547441399975,0.8012065181901213,2.4034318888480506
391,-1.1894242068996732,-0.9501177048449296,1.522318493948856,-2.4675809481070243
392,1.6608855171082837,-0.7135327272058909,1.8076696749500245,-0.4057687176581498
393,-0.6703808763454617,-0.31800791204507384,0.7419835250819096,-2.698659274981461
394,-1.9317610069404623,0.9951609928768104,2.1730269187654323,2.6658927779073287
395,0.11826911874675261,0.06101545869702463,0.13308069224775543,0.47628935500367464
396,1.3391276178234648,-1.9664073669919588,2.37907980315453,-0.9729347197030154
397,2.184586206886422,0.38732093881526986,2.218655990676145,0.17547369744342442
398,-0.3628016469002091,-0.7660411241376384,0.847610782649419,-2.013106642567528
399,-1.7943714473004206,2.0444575223891697,2.7202160671058224,2.291139969183016
400,-0.3286171207199686,-0.2740339617231644,0.4278829562017809,-2.446519784530437
401,2.247033347529907,-2.9292696635583795,3.6918531426310666,-0.9164427640179162
402,0.7391713819769166,0.6326450828232719,0.972940970847733,0.7079002230745172
403,-1.2614274162751826,0.27672066560006137,1.291423034214902,2.925642335233786
404,0.4865468365051129,2.396651897258854,2.4455404598467796,1.370507202792502
405,-0.2073990522993654,-0.13281131596375317,0.24627872937527265,-2.5720198081345167
406,2.327011053385206,-2.0702685980241426,3.1146416343685153,-0.7270777185250789
407,0.2101498877893846,0.5362446810596531,0.5759525443147725,1.197299269256126
408,-2.2194818645900796,1.0578195038632963,2.4586748158302365,2.696834366136999
409,-0.2881694993946553,0.8449729249476672,0.8927602725681639,1.899466700738243
410,-0.1277705533302651,-0.8627540164562255,0.8721638648841576,-1.7178238061703692
411,1.9456761146958002,-1.3249388221670646,2.3539580339893895,-0.5978367582537303
412,-0.14735826685154052,-0.42939959726739296,0.45398069666329327,-1.9013761184845688
413,-2.307192589241822,2.563627678234475,3.4489599180712824,2.3035958424618195
414,-0.23105874274625648,-0.3788886561149116,0.44378458325187964,-2.1184144988768883
415,0.04345506593705295,-1.9408874577526998,1.9413738605475588,-1.5484107902718427
416,2.045954957421486,-0.1669118283855866,2.0527521151499455,-0.08140111022640933
417,-0.6111124210257799,-0.39763903625429364,0.7290920341666295,-2.5647390829781775
418,-1.6523275476849903,2.3415216974733664,2.8658175420946197,2.1853135214609893
419,-0.21826192994694793,0.4385528133534553,0.4898641037720533,2.0325916341397217
420,1.9067486146700503,-2.054248540625446,2.8027892083080257,-0.8226190445828216
421,0.2624277358926861,0.8868231588759663,0.9248370838609948,1.283087851175777
422,-1.668676251717443,-0.6763793953029165,1.8005470056169357,-2.756492266955698
423,-0.4129888003052997,2.6860482792538374,2.7176120230194947,1.7233549518655917
424,-0.8171773192290175,-1.28662126907758,1.5241958736019219,-2.136650069968882
425,2.948986354199519,-1.52016291819346,3.317742578185569,-0.4759599838635704
426,0.2120066280355104,-0.2807033668816903,0.3517686604996302,-0.9239314034729428
427,-1.953963929026031,0.3402965258887285,1.9833750934875587,2.9691650394746234
428,-0.2685275642540432,2.5774215413690946,2.591372002372035,1.6746063819275667
429,-0.4644270136179216,-0.6818485562041143,0.8249908512072702,-2.1687447869800334
430,3.216345853314465,-1.0425344048830585,3.381088380018781,-0.3134505026272991
431,0.10364327499678438,-0.38971890025062805,0.4032651108943322,-1.310869052405263
432,-2.684987008604651,1.8069251094094518,3.2363766139604504,2.5492364797428912
433,0.003048549701873071,0.649894465068126,0.6499016151553021,1.5661055231245014
434,0.6091686918344408,-2.7172770205160504,2.7847227692062755,-1.3502591700379505
435,1.5263784316041438,0.24834296451603954,1.5464492699377308,0.1612875148610347
436,0.031702367434036205,-0.5131288118606729,0.5141072044452095,-1.5090922827607327
437,-2.0848665717392123,3.2978741080243097,3.901620465182736,2.134545713602044
438,-0.4550458616379842,0.008710698576955167,0.4551292261144675,3.122452528209
439,1.5320043518572106,-2.501613238661129,2.933446118467843,-1.0213042665066836
440,0.6054423682738275,1.4924045000930999,1.6105376907105142,1.1854008736010055
441,-1.5464171087511431,-0.08052731634003862,1.5485123580117703,-3.0895661680704887
442,0.2735520261451825,2.744619509498266,2.7582180774780367,1.4714559329880528
443,0.025309223183342056,-0.5846993771864852,0.5852468867584073,-1.5275374575376335
444,2.4572728005009026,-1.7004140187454482,2.988243204832497,-0.6053314714581323
445,0.37169525936019454,-0.05379446059997761,0.3755678498248816,-0.1437293513047563
446,-2.636610012023482,1.6753313939082162,3.123851410505454,2.5755416763477936
447,0.911399461310225,1.3945983079900053,1.6659992253074891,0.9919497768362058
448,-0.5054904920183958,-0.011876873820657607,0.50563000074437,-3.11810123448376
449,3.2542372727533575,-0.5882079120113879,3.306969726975136,-0.1788206522245308
450,-0.14930432624356627,-0.6646867854427541,0.6812490767533319,-1.7917524596141343
451,-2.4280048029405634,2.3563305562840675,3.383415583930007,2.371174394404842
452,-0.4197362669411291,0.8653056808626225,0.9617340875308524,2.022431038919765
453,-0.04321270638013175,-2.9496472298386287,2.9499637486734294,-1.5854454057811806
454,2.291927854723326,0.21826144818686544,2.302296972812434,0.09494418482684097
455,0.002205623959298464,-0.25862668816177603,0.25863609300826207,-1.5622683187022217
456,-1.3737991839672645,2.2907991536899175,2.671157981178868,2.1109974350730996
457,-0.03130535925458844,0.11282360791712875,0.11708625889273619,1.8414590102225727
458,2.5163421509877253,-2.176164997488307,3.3268110732548095,-0.7130310684075194
459,0.31989284461309353,0.9345244314061034,0.9877587483437227,1.2409926808820302
460,-0.8671104887018259,-0.8058003132582634,1.183720720636348,-2.392826896533502
461,-0.9420626443009041,3.6166306442375635,3.737311766848656,1.8256146369461208
462,-0.3145936070969242,-1.113925398787984,1.157496838739192,-1.8460466812128722
463,2.4330775093634998,-2.7818961038244403,3.6957830156874865,-0.8521865708998577
464,-0.22461996745744273,-0.2247484915826199,0.3177514976349373,-2.3559084796388956
465,-2.717414602419069,-0.2944627902137462,2.7333222379113757,-3.0336524457622884
466,0.31903642371224805,2.114763043605535,2.1386928181145715,1.4210638973818261
467,-0.607145343991192,-0.5755838903601607,0.836613580796009,-2.3828734326217305
468,1.9264881760084336,-1.9220516645390902,2.721330427099544,-0.784245386061644
469,0.017275569373168764,0.42315067523787775,0.4235031750193132,1.529992939586533
470,-3.0222798339651717,2.2995159176190043,3.7976241059609515,2.49118063368554
471,0.6680271187926792,-0.1489286929512872,0.6844267579709512,-0.2193510265567074
472,0.1605657449017599,-1.8011429996286665,1.8082857803862773,-1.4818847762268095
473,2.02298747885186,0.3008021218035424,2.045228656183195,0.14761051788918156
474,-0.5226375915593735,-0.2906714953631955,0.5980300747685343,-2.6340303753080243
475,-2.313923441959048,1.6211411127264377,2.8253035593754383,2.5304622775983305
476,0.2672234264077247,0.034648648034774965,0.2694603652334093,0.12894232770324493
477,1.8311103051129294,-1.7553359910863193,2.536566457062333,-0.7642733407179878
478,1.0075037529723545,1.1677339397702333,1.542292568336076,0.8589263700815516
479,-0.6185213973338932,-0.3721615994498464,0.721853846055377,-2.5999273257624735
480,-2.5052975067087573,2.041855592713194,3.2319792478627187,2.457762913817
481,0.12754769730810267,-0.4729739729683331,0.48987018096027124,-1.3073905068415947
482,2.6860530256845436,-0.6406279037360747,2.7613918533656845,-0.23412769272264103
483,-0.38983681616372223,0.31109366224696444,0.49875044854806516,2.4680663286132414
484,-1.82429369171399,0.008583861584337882,1.8243138864535229,3.1368873814751557
485,0.24705103737358058,1.4340656729769634,1.4551902176273153,1.4001976835003636
486,0.079310734757712,-0.3118740214093201,0.32180055605581104,-1.3217711904094445
487,2.685732299434278,-0.49695086627195195,2.731321685139445,-0.18296430823402562
488,-0.8839800603495291,0.2015109526426393,0.906657273246347,2.917463860868353
489,-2.6151198120659274,-0.04048849401380039,2.6154332240772726,-3.126111428151508
490,-0.3850606498963316,0.24490964133482152,0.4563468379613648,2.575101837126224
491,-0.061540939509711734,-0.3707722221021754,0.3758448189323925,-1.7352772577320892
492,2.5273347507777544,0.8344410537860618,2.6615245282981044,0.3188976249946079
493,-0.18436141645310045,-0.1791132330879428,0.2570421796978256,-2.370632412339464
494,-1.9008419995700478,0.5857764628109408,1.989053637213626,2.842660292748926
495,0.40598774633775747,-0.2637235950508412,0.4841241418922954,-0.5760835030540603
496,0.8307005549633004,-1.4110353472577728,1.6374016499402946,-1.038714430084849
497,0.851037981590423,0.57127083942596,1.0249956185701197,0.5911783636389113
498,-1.2267478800081904,-1.8877619652890871,2.2513452864224774,-2.1470607909514885
499,-0.8598841000570587,1.429330893410711,1.6680490005959654,2.112390765823637
500,0.36660517450314956,-0.29450504754107243,0.4702473572489845,-0.6767683211483271
501,2.2304913678159437,-0.40473314750517986,2.26691434831378,-0.17950162928633653
502,0.12073842239726673,0.027425444516079978,0.12381406079232432,0.22335762931385966
503,-1.2219112454330912,-0.6354372616862065,1.3772609067475605,-2.6620453947216802
504,-0.46467458945409135,2.206344916081388,2.2547461858937727,1.7783710729661995
505,-0.3828550085030997,-0.31233032043291686,0.4940932974627738,-2.4572959258394604
506,1.7592677304796212,-1.065021621619067,2.056524738976661,-0.5443643822187482
507,0.20644903876114995,0.04372260622785973,0.21102813059106426,0.20870024220574057
508,-2.670634710484819,-0.17067226824311632,2.6760827304090555,-3.0777724360835497
509,0.2568202095666834,0.4602172859172029,0.5270261571296738,1.0618004142334243
510,0.00448721349545167,-0.1436773104760114,0.14374736390826073,-1.5395752842367323
511,1.8854183753879852,0.39727730335632927,1.926819064160604,0.20767251350524396
512,0.05565803244377321,-0.12434916274202124,0.13623703920062927,-1.149944407658895
513,-2.143518060773829,-0.23736104833469795,2.156620027758748,-3.0313076284650466
514,1.1459077001007927,-0.10576275751405007,1.1507780924345334,-0.09203530761455071
515,1.1480296111556072,0.17874628246702784,1.1618615328798338,0.15445816501199935
516,1.7148585272951777,0.37680884206303844,1.7557689688833988,0.21629441162296612
517,-0.05496471636996603,-0.5283475216397164,0.5311988551083873,-1.67445482075777
518,-1.9315129573749914,1.0045989750391442,2.177145242090473,2.6619868720006545
519,-0.19343823471933774,-0.38665261138122986,0.43234082913745026,-2.034675494697614
520,1.9554238353296114,-0.031673875134689666,1.9556803445709667,-0.01619654259399566
521,-0.23448820860676278,-0.09507301783752453,0.2530288495336904,-2.756397676930384
522,-2.335759983325886,-0.7811411764473561,2.46291620589254,-2.8188581329413873
523,-0.7098122689042157,0.8431720985851392,1.1021672490685877,2.2705313842578487
524,0.11499578100904273,-0.4062291282546582,0.42219205853784036,-1.2949328291945288
525,1.8825703501012185,0.22469249751427256,1.8959319190096002,0.11879215040508549
526,-0.6412135898992801,0.28321203893385416,0.7009735564688536,2.725678073576637
527,-2.2866286782145835,-1.0623548076896867,2.521362419299289,-2.706668548937152
528,-0.6476967029564662,1.036637874466301,1.2223457374240265,2.1292555271015794
529,-0.8212549156501723,-0.7096652546976614,1.0853959693147326,-2.4289563912165657
530,2.408835853273956,1.730485747515786,2.9659856861376346,0.6229625077570092
531,-0.3982362718728609,0.06590226359212892,0.4036523709601637,2.9775935978935073
532,-2.0677083853165072,-0.8476399876708101,2.2347061362529903,-2.7525452934665737
533,-0.3009328130146969,0.3334288843118962,0.4491496174354537,2.305012820011401
534,0.7630411464067492,-0.5126675881449465,0.9192713674666925,-0.591599094440355
535,1.1886702482834721,1.984630500073699,2.3133731175443946,1.031158213513776
536,0.14445288786004085,-0.16717574920642875,0.2209397382406259,-0.8581858201432341
537,-2.1601792424775113,-0.2673006878806383,2.176654317380731,-3.0184784167797534
538,-0.3775902058160341,0.37776848642554484,0.5341192683890388,2.355958469070153
539,1.680557902887415,0.16958926935665986,1.689093065890175,0.10057201829221638
540,0.36085599053569695,0.26992028194459294,0.45063733146572266,0.6422198813329926
541,-0.45209612931438414,-0.5212485750106062,0.6899934688760727,-2.2852674629493754
542,-1.2911247025019748,-0.0023857524497152838,1.2911269067080757,-3.139744846224793
543,-0.055445874375038784,-0.28310206601620536,0.28848054486889835,-1.764199474823899
544,2.94853728382418,1.1872762847190756,3.1785998632035466,0.3828027046265944
545,-0.0362169686441689,0.2908213165161371,0.2930677514806975,1.6946918778724307
546,-2.494748499112063,-2.001891353425549,3.198646442597535,-2.465364367474372
547,0.9500471831072446,1.0374346436982833,1.4067196913654811,0.8293387973220064
548,-0.45534211978218764,-1.2893891868618397,1.36742857994265,-1.9102707104871954
549,2.43613873949829,1.2281307405372957,2.7282003361074865,0.46694618638604213
550,-1.0517415731312099,0.33815340450532005,1.1047660664733736,2.8305137021640423
551,-2.730126482748517,-1.2865276539839883,3.018069584398334,-2.701221747256976
552,0.4961169910208696,0.9391778466662011,1.0621615208847304,1.0848080488270813
553,0.4640584844299269,-0.9550635068338131,1.0618364182194457,-1.11849803359874
554,2.253395453004032,1.4217509370568848,2.664426166108075,0.5628573489378542
555,-0.7668018829577932,-0.478987032937674,0.90410934373562,-2.5832410888002313
556,-2.8072357550927336,-0.4634818935939222,2.845239541824287,-2.9779661655115084
557,0.46291564155035303,0.09129033667096564,0.47183134355559,0.1947088201038587
558,2.0149363191612792,0.46419621611403983,2.067715284397201,0.22642699767232657
559,0.4834863272797634,0.16212220724141702,0.5099437603768708,0.32353669167828875
560,-0.2956740264535256,-1.1995948333839337,1.2354962137540801,-1.812457658047287
561,-1.5468051768696114,-0.2310204253121242,1.56396185762378,-2.99333525577464
562,-0.4007540320267253,-1.2055880494950841,1.2704512345112027,-1.891719018688957
563,2.127500777113198,1.4137767526950746,2.5544127041412654,0.586518216661929
564,-0.3957238131582699,-0.25349491047577644,0.46995425941004426,-2.571864253853438
565,-0.8914624899792329,-1.5308675256425133,1.7715136895058996,-2.0981181417901147
566,-1.6851225904735543,0.6073352180996672,1.7912270129909476,2.7956740628008308
567,-0.12699556844472681,-0.808010733610697,0.8179298380880209,-1.726691646614795
568,2.1019659932152877,1.4385632633176968,2.5471013523613055,0.6001720458109012
569,-0.4821347949279584,0.029724531894181894,0.4830502129971094,3.0800186761594075
570,-2.0638804437177214,-0.6397359313736857,2.160755550230293,-2.841016603484086
571,-0.11101524530215556,0.8342610018820302,0.8416149974606599,1.703089274116199
572,0.5510853071526753,-1.5873762766136785,1.6803149881243886,-1.236647200208733
573,1.4307944518719182,1.8458232216048422,2.335430608886323,0.9113910013521491
574,-0.6129959790410453,-0.34610693825173655,0.7039560235032306,-2.6275977342977797
575,-2.078149698271602,-0.7387904770182878,2.205565128795625,-2.800022955863109
576,-0.24628069962534482,0.12886515405968169,0.27795757039299146,2.659522411863443
577,2.0224125413142815,0.2707885255662461,2.0404604658859804,0.13310218092854736
578,0.7237587005363366,0.6835253309726959,0.9955066723449824,0.7568165747322381
579,-0.9056713579815323,-0.43590028042316575,1.0051117664922182,-2.693016059486262
580,-2.2682155466913514,-0.24239190567366364,2.2811303343273606,-3.035132106222153
581,-0.27291818534502,-0.3653820348438508,0.45605741664690824,-2.2123356799594087
582,2.358725823538691,1.0879235679146575,2.597530596596012,0.4321564092749932
583,0.17948862755201844,0.23012571652056835,0.2918458716936256,0.9083955143180007
584,-1.2506817086377282,-2.187514807872777,2.519806693177804,-2.090174419984162
585,-0.5733640328973593,1.5297915644003979,1.6337100552824364,1.9293905853238227
586,-0.6962332980496058,-0.2920870470257775,0.7550202966498781,-2.7443687824160627
587,2.735159022319465,1.151576061187047,2.967696463938764,0.3985007555333913
588,-0.07012457023324714,0.34934448288779407,0.35631309697306646,1.7688955056497138
589,-2.4090870927221886,-1.5685211216478407,2.874710268770759,-2.5644548794253876
590,0.588435253232376,0.6419584406122212,0.8708425154526651,0.8288716181445497
591,-0.06971758914772863,-1.070732473992095,1.0729998010707196,-1.6358165968301417
592,2.753200999642843,1.9383745326358515,3.367107300518593,0.6134348778984297
593,-0.20222091881441884,-0.7509260752538829,0.7776781278281831,-1.8338512965380083
594,-2.8711631661416845,-0.10654584016195656,2.873139387963027,-3.1045007270068807
595,0.48378568792747956,0.0764893714077175,0.48979507529354804,0.1568078966524178
596,1.6564809436327437,-0.41778617163292253,1.7083542963408143,-0.24706048106470704
597,0.22337434559091207,1.359781162695132,1.3780061352144601,1.407978228104386
598,-0.5704235548728889,-0.4067277114527137,0.7005786631188432,-2.5221767703287457
599,-1.2603767677089195,0.48782911437536924,1.3514905998240019,2.7722994776390313
600,-0.6311121441682985,0.3489755672676864,0.7211702192038373,2.6364848321050283
601,2.5502540919802072,-0.14616908475474943,2.5544395344184276,-0.0572528602444443
602,-0.11229251699535325,0.615744055353904,0.6258996333892706,1.7511827929578438
603,-1.1513845243682113,0.44556960409289204,1.2345924813662639,2.77235540403259
604,-0.8997417503424003,0.91162844495949,1.2808597264995352,2.3496323175203098
605,-0.6278799537853388,-0.7136532905886135,0.9505441891534738,-2.29234460425236
606,2.021409164480872,0.627718308321338,2.1166306444084806,0.30109369637290634
607,0.6411060633188299,0.028173150638263422,0.6417247936935692,0.04391634694001698
608,-2.9682442013118475,-0.030310163268346457,2.968398953075338,-3.1313815295194947
609,0.706329182124648,0.5301465494681423,0.883151333257133,0.6438631422236483
610,-0.7802342231265129,-1.1758167547860552,1.4111380101795301,-2.1566505423675513
611,2.2666640802384563,1.0481581237032813,2.497278820021591,0.43313692388220987
612,-0.08185698344800585,-0.6532599108961676,0.6583684963022426,-1.6954519950043432
613,-2.1837379473814735,-0.112154170054378,2.1866161027245816,-3.0902789347097794
614,-0.4350143883893338,0.25130065632866305,0.5023838552112946,2.6177439532105473
615,1.1790180245182,-0.8146476546890753,1.4330855883125786,-0.6046292372381095
616,1.430534978997457,1.11797850390818,1.8155732596995438,0.6633649105613527
617,-1.0387671327216026,-0.1739901402175228,1.0532377342820436,-2.9756364162895776
618,-2.081009081528748,1.2744408949683432,2.440245559810085,2.592094552005024
619,-0.1958526216586165,-1.000628277846257,1.0196152214615664,-1.764082428307427
620,1.6947795911806907,-0.22256897914492058,1.7093316861160097,-0.13057895098672836
621,-0.03562967861648758,-0.021220061017722003,0.04147004928752843,-2.6044349398790048
622,-1.3734920885953557,0.554472547071569,1.4811888208091721,2.757904583619433
623,-0.7785726015394516,1.6521655675988498,1.826424473836008,2.0111753942807375
624,-0.09480127517628034,-0.8201136509734326,0.8255747587517572,-1.685880833679535
625,2.245544135578939,-1.0607621018056292,2.4834823738976004,-0.4413128375581019
626,0.02753174225750854,-0.1529281459170697,0.15538666173570512,-1.3926737719046642
627,-1.427321045803751,1.6127482210454183,2.1536485767830076,2.295275569701091
628,-0.02861646495750847,0.4359672150347116,0.4369053840956721,1.6363413311997073
629,-0.12299817395989976,-1.2624382652428459,1.268415911421343,-1.6679188518933143
630,2.628950123289883,-0.9108345616028011,2.782264967496097,-0.33352055757588184
631,-1.0738181040855466,-0.2496050400957195,1.1024463690824435,-2.913202122628205
632,-1.412245930727181,2.4276756235256016,2.8085668056708037,2.0976718829521848
633,0.029002643155706664,0.9021455872080466,0.9026116628035383,1.5386588779341372
634,0.902982790735166,-3.233312870701319,3.357035900940988,-1.2984602321782097
635,2.0421262406965752,0.8305362065213657,2.2045566387109283,0.38627031762347475
636,-0.5288238360273567,-0.4847077265690487,0.7173536294927519,-2.399694151940685
637,-2.509868133176269,3.0528782633282816,3.9521517856271706,2.2588873069704785
638,0.08097778880454598,-0.19959200231884466,0.21539352281189733,-1.185371580245514
639,2.221980814341748,-2.1664833981098397,3.1033609286688484,-0.7727526329050334
640,0.6092193941037749,0.1998801835256856,0.6411710831895278,0.3170262185105793
641,-1.1060718702422605,-0.6886702926790775,1.3029434961501203,-2.5847015317896638
642,-2.0352670035836127,3.7760877465507114,4.289656215307544,2.0651459440301774
643,-0.23460900611831903,-0.09737220602642083,0.25401325213121695,-2.7481880635306797
644,3.2872271601640364,-2.1996175126683966,3.9552723805772994,-0.5897134468767978
645,0.19743356840734805,0.36095791165698543,0.41142511824368605,1.0702814929735165
646,-2.4387826703884343,1.3435894498227086,2.7844018249997307,2.6380385699229105
647,-0.3194406698303851,1.5584899352545882,1.5908907001524446,1.7729642785702675
648,-0.11967158806913858,-1.0819145207822665,1.0885128934792232,-1.680959454832047
649,2.3872360001108177,-0.306290543885261,2.406804856547083,-0.1276062596559242
650,-0.6144634849171666,-0.490844420865578,0.7864436532844636,-2.4675729295164945
651,-2.79785188133917,2.0840735209733836,3.4887444146477007,2.5013741964418146
652,-0.6435101059322506,0.10851409623439778,0.6525952539809836,2.974535846767594
653,0.2463384257475809,-1.3557504375231098,1.377948427497887,-1.3910582495457404
654,3.3082238950746046,-0.2684838088483481,3.319100615461409,-0.08097900591569909
655,-0.728198652348226,-0.2098267027584022,0.7578261822292994,-2.861047300360056
656,-2.5844903526229928,2.577323363575502,3.649957000189654,2.357582952627443
657,0.14963987638481058,-0.38446207265335275,0.4125568783978438,-1.1996184761571282
658,2.489236533927908,-0.8519300096117526,2.630985226700923,-0.32974994841093735
659,0.08144288576431791,0.279984568382865,0.29158926964852283,1.2877241537263886
660,-0.9189693611672851,-0.6543795211741354,1.1281477050884334,-2.5228053634673158
661,-1.3297230382318617,1.9798947456082487,2.3849835559373833,2.162215497843265
662,-0.3805090248835654,-0.3956234841206481,0.5489126152727796,-2.336722880860011
663,2.213975081313947,-1.4501933373198597,2.64664813987164,-0.5798946674500569
664,0.24584332802959352,0.7352224579195514,0.7752360960158736,1.2481045056576812
665,-2.77271831161039,-0.46709395396938547,2.8117865490421434,-2.9746989795522456
666,-0.802930935136601,1.110104377741358,1.3700473773121367,2.1969848493381368
667,0.06077526833036018,-1.502376140285648,1.5036049016082076,-1.5303656065508557
668,2.2333336733454416,-0.5925105057958717,2.31059472776537,-0.2593289871823228
669,-0.4313204629559664,0.2213498524948676,0.4848021235143765,2.6674478851145236
670,-2.7129656465800167,1.029830499632208,2.9018500060299552,2.778798845842467
671,0.5869860220293504,0.2855417307650008,0.6527531463471572,0.45275224678491527
672,-0.5411035795392536,-0.4097756880629362,0.6787556248884028,-2.4934383028800013
673,2.081291098939289,-0.3337573510570735,2.1078820194471386,-0.1590069640239853
674,-0.6086923573607805,-0.681544283076974,0.9137882663420069,-2.2997903783984475
675,-2.906149121774831,1.331867229682281,3.196806693482447,2.7118638684524403
676,-0.15726923223945732,-0.05144517179112995,0.16546968637731577,-2.8254487309055816
677,1.1963827813160037,-0.6878656459819084,1.380032936690833,-0.5218000734662176
678,0.9878521609629729,0.6452326608274959,1.179905537963843,0.5785985238480479
679,-1.00262034390596,-1.2755746289425431,1.622448208115135,-2.236951250491561
680,-1.3289275849057844,0.6832076559828728,1.4942627704380287,2.6667252154629764
681,0.4176648650170023,-0.046621043413065166,0.42025880259501247,-0.1111629293656864
682,1.192001603529036,0.9269874939516463,1.5100243828357693,0.6609778970897009
683,0.11122939520851105,0.07298940470744597,0.13303921060348514,0.5807256494999439
684,-1.058151790762679,-0.5109964871964863,1.175075581493128,-2.6917069037995476
685,-1.3495941127476385,0.26729374588298427,1.3758089314113509,2.9460680664414554
686,-0.8356235647331687,-0.7718926225630334,1.137578552322698,-2.395819337472175
687,1.8713324005547065,0.41476907593553847,1.9167468115842168,0.21811760047055156
688,0.7241367546969286,-0.11069109546868816,0.7325479903180802,-0.15168522759975267
689,-2.21400339260623,-1.4348472056923853,2.638294435076408,-2.566569662002823
690,0.2462218348416627,0.6237492364331629,0.6705880269612251,1.1948283945730354
691,-0.6734665729558174,-1.568325632511602,1.7068106264263092,-1.976402732732485
692,2.1830604679096837,1.569141238345864,2.688486048397432,0.623219423389897
693,-0.31488860501792715,-0.16712427450123002,0.3564903318432333,-2.653655798095566
694,-2.0488511295557146,-0.6230094712482348,2.141478870394647,-2.8463992701984298
695,0.06458691434198727,0.7449610655819967,0.7477556143134488,1.4843142025594793
696,1.4291890876553452,-0.44384124578114736,1.4965214665114828,-0.3011115665972346
697,1.0950577734394074,0.8781414372143281,1.4036680201966982,0.6759065248923115
698,-0.8812844969853018,0.0925391299296976,0.8861297056271061,3.0369712173478938
699,-2.0517258886763443,-0.3198320539674242,2.0765046749308698,-2.9869528209451754
700,0.5283739249213681,-0.2427856626095064,0.5814842065830754,-0.4307226160080241
701,1.687969799937889,0.6018506224331901,1.7920564213287413,0.34250067278266183
702,-0.07269705255532699,0.2519995466827467,0.26227587189549445,1.8516519128304851
703,-0.9516528054792275,-0.2158896696677246,0.9758337008147052,-2.91851082757792
704,-1.2579851637446495,0.24801741042551484,1.28220096243757,2.9469346621583865
705,-0.1842110316043204,-0.5936440060268815,0.6215681057264537,-1.87168073658579
706,2.845390083092809,1.4395601986481807,3.1888208307295804,0.46837810724857804
707,-0.27707806696230364,0.1230986059134409,0.30319221950670083,2.7235105881840442
708,-2.132983516382467,-1.2608310787455466,2.477763848773723,-2.607734453214237
709,-0.20856537744111847,1.2175316538531824,1.2352663052158517,1.7404514567387455
710,0.07265929613618027,-0.31840837170873115,0.3265934238303194,-1.346442634363253
711,1.8639962114079367,1.5717025350582716,2.4381818502424584,0.7005270633939281
712,-0.05308207111278307,-0.4684064175560252,0.4714045802506505,-1.6836397218667714
713,-2.3750297343863167,-1.19843384896512,2.6602650111529282,-2.6742738854784394
714,0.3618881945348562,0.28759194409595423,0.4622468946922071,0.6714998463007357
715,1.0103093212972567,-0.8185168318843523,1.3002671759212108,-0.6809082019167852
716,1.0815567590243518,2.003367009748075,2.276673977261172,1.0757641012273997
717,-0.11402359523793848,0.20573759734337926,0.23522189360604104,2.0768725860258708
718,-1.8228622440626054,-0.5747476305681047,1.9113245668050751,-2.836159349526963
719,-0.06590790632469634,0.10881110829571128,0.12721520901466915,2.115403310790265
720,1.5617425695969018,0.4218233928720636,1.6177066571122323,0.26380308290891946
721,0.097351312214073,0.7882868973524353,0.7942754626244793,1.4479211754492785
722,-1.042779124655226,-1.6641888526534743,1.9639024517813524,-2.130544681787861
723,-1.2199693299127716,0.8987667245903452,1.515290992238347,2.5066498855067185
724,-0.3607089345821919,-0.5715237751342599,0.675833086664996,-2.1337955145481757
725,2.4813521337574116,1.3157315012300046,2.8086042432196496,0.48755201465108555
726,0.3537334243786745,0.09124955311230565,0.3653133127410756,0.2524575525897861
727,-0.8015553976050569,-1.7312997631108402,1.9078495551739534,-2.0043910002572716
728,-0.8082881027564213,1.3158708049223478,1.5442945419525909,2.1216359101452786
729,0.12764440524426846,-1.1825724384194984,1.1894413252866245,-1.4632746844062
730,3.1091809312604255,2.2257841963193457,3.823757491251034,0.6213009105426472
731,0.09325741818963706,-0.35098039471813536,0.3631586203353776,-1.3110915125563085
732,-2.3669351837013437,-1.434781725493039,2.767847677104377,-2.596643598770541
733,0.6081812632565402,0.24907563836958957,0.6572085837886931,0.3887048916793451
734,0.8366431921504045,-0.912431966739522,1.2379434255650663,-0.8287018459285893
735,1.4201272254149444,1.5624875401997862,2.111428106671957,0.833092004920855
736,0.0008131354666716106,-0.637958639694002,0.6379591579008085,-1.5695217378548865
737,-2.2021506569664666,-0.38667816177529346,2.2358415679049712,-2.9677734627854253
738,-0.35271463081664933,0.3400201313936222,0.48991968785206147,2.374517634070865
739,1.5906070038000735,-0.02255163812890615,1.5907668644148154,-0.014177057675459796
740,0.14745946185036019,1.2892482450603495,1.2976537790490916,1.4569148891296326
741,-0.8093924767134695,-1.420159301273216,1.634615741498042,-2.0888125967705466
742,-1.5304565595133113,-0.43434402470907685,1.5908966064322976,-2.865063425431642
743,0.5357430912671362,0.03179276222026317,0.5366856058905075,0.059273783735314396
744,3.0132046797040744,1.289981433159376,3.2777209368227873,0.4045014385838497
745,-0.1800934766208684,0.27926415129492455,0.33229824934818086,2.14356789922165
746,-2.1218877926683604,-1.826701818728722,2.799865593063679,-2.430813010176425
747,-0.614923218713102,1.0193401194340836,1.1904557295424192,2.1136066323325933
748,-0.8596675622634393,-0.8757862633248337,1.2272040973841472,-2.346906869078377
749,2.7323939977941336,1.4603906909088238,3.0981797767841943,0.49084415413269394
750,-0.42316269980830157,0.31585781836403726,0.5280462403338745,2.5003855981648098
751,-2.873809208309467,-0.46004283519754097,2.9103983878467354,-2.9828582163352526
752,0.4193458140787243,1.2475674497156888,1.3161593571355468,1.2465301911208058
753,0.3034790477949514,-1.6176254366671756,1.6458467686279914,-1.3853443006389945
754,2.8781332388055034,1.7565361797300838,3.3718051976675367,0.5479615297037929
755,-0.23823256308861573,-0.18671671929644873,0.30268446835045915,-2.4768340214064812
756,-1.8320194153910165,-0.015403131879942578,1.8320841669643217,-3.133185117721531
757,-0.08587212796260246,-0.17950505004760942,0.19898765125861537,-2.017001101407707
758,1.5000869281896598,-0.09081400452650001,1.5028333159547764,-0.06046536504624544
759,-0.046700686209760534,1.2382299084361108,1.239110269604026,1.60849414146381
760,-0.7701024318484997,-1.1287552514327572,1.3664355722740829,-2.1695154809156096
761,-2.0044006628861553,-0.09302851286586389,2.0065583274812853,-3.0952138014765884
762,-0.35341224788169256,-0.945436439021492,1.009331599219221,-1.9285220510208165
763,2.767132556989793,1.1588441283815385,2.9999903836241275,0.3965979663626001
764,0.32622455054172406,-0.0801476366234084,0.33592573737727777,-0.2409109472316419
765,-1.3637250331896666,-1.5565941444374474,2.0694760923105893,-2.2902464163806915
766,-1.4869167686791798,1.0336799960330652,1.8109157382877457,2.5341065627230877
767,-0.027630712376208066,-0.7231358743771494,0.7236635606949,-1.6089873202696252
768,2.2645831626293784,1.2709247879266456,2.596841681164038,0.5114150480859148
769,-0.42841558177667594,-0.22256577914494358,0.48277886941688275,-2.6624598790111613
770,-2.4926153123491304,-1.08813685221061,2.7197744216195887,-2.729984706803091
771,1.1255843624791737,0.010372485187232883,1.1256321537281206,0.00921493931309049
772,0.010432512924694493,-2.146546742064121,2.146572093639535,-1.5659362272780752
773,1.5166528536428245,1.9309848649944392,2.4553896691361463,0.9050030751702399
774,-0.4031485431794408,0.25428124169899036,0.47664210656181627,2.5788775317243426
775,-2.721054770600915,-0.7384079982767418,2.819465452267338,-2.8766059333535696
776,0.409600449443019,-0.05071641735870713,0.41272834064748415,-0.12319223404805242
777,1.5692340242271143,-0.8608073364160731,1.7898281183453784,-0.5017312510855372
778,0.6541995401803433,1.4060054380261562,1.5507508923522488,1.13530066450089
779,-0.3240719682228814,-1.0821287172309937,1.1296128545850779,-1.8617726474906198
780,-2.6424423929295244,-0.7239770222536919,2.739825638375996,-2.8741747449133723
781,-0.8366606684521685,-0.2782417827680632,0.8817139920704329,-2.8205362041087683
782,1.8088148807661355,0.30494524798059786,1.8343399022937263,0.16701790954612655
783,0.04546391342523748,-0.3785157395130838,0.3812363210438825,-1.4512579533476584
784,-1.2866657176127774,-0.9986276551484181,1.6287313659739078,-2.481573217971705
785,-0.4203448498030866,1.3645063116457834,1.427784040839916,1.8696277925436893
786,-0.11613433082209212,-1.135883446495253,1.1418048812373458,-1.672683706012142
787,2.9072638550798047,1.4503810203548007,3.2489672554919538,0.4627526476357713
788,-0.26452677257623236,-0.05735611895837778,0.2706734892662474,-2.928072416190295
789,-2.180259079327868,-0.912745299023797,2.363606065714345,-2.745120653244394
790,0.26793846171284486,0.253905259610395,0.36913263215661074,0.7585130630125239
791,-0.5035507830291976,-0.7401386220590993,0.8951919185028764,-2.168209943251363
792,2.7705318343977297,2.6791928564709124,3.854078490064261,0.7686394403516765
793,-0.32050921386542086,-0.2296182797976023,0.39427238121613345,-2.5199332704257187
794,-2.5115784759461803,-1.1342861698410935,2.755835908745097,-2.7173900036274485
795,0.27725354340958575,0.48386906516185135,0.5576726634449415,1.0504717370785062
796,1.4393405010223432,0.10196055533929993,1.4429473423269292,0.07072024882317939
797,0.7166398195783472,0.6907066592916635,0.9953131769423814,0.7669732580611159
798,-1.0123727577360455,-1.0311744066743032,1.4450672155945505,-2.3469942530859225
799,-1.9567560264854365,-0.4200337916360084,2.001330190973792,-2.930143183046019
800,-0.4885858108092975,-0.3931065363358428,0.627095561644429,-2.464065056407285
801,2.40134475058602,1.0237569057345794,2.610466397639754,0.4029936691804842
802,0.5703943291645146,0.9166519501222936,1.0796297922927287,1.014170965458758
803,-1.6098658907017693,-1.8870487136961884,2.4804477486751138,-2.277094905084404
804,-0.9739310636660434,1.0872974572049152,1.459711436283879,2.3012504164677323
805,-0.3256217364944405,-0.49540945504053013,0.5928406560123975,-2.1522708900031122
806,2.305789838051055,1.1294736657795212,2.5675625676794986,0.455488571927897
807,-0.17438763818375946,-0.383001066549582,0.42083353636494697,-1.9980646692667439
808,-2.582258989475065,-0.752390442197207,2.6896380548755054,-2.8580728164351386
809,0.24530037781346437,0.44352157270357395,0.5068369173697591,1.0655958828089267
810,0.34060187366867467,-1.7940110303595205,1.826057286450302,-1.383174380573893
811,1.785206972205458,1.8348492988272014,2.560007008392292,0.79911044064063
812,-0.04806017408139951,-0.44396638529972066,0.4465601097375744,-1.6786282579339908
813,-1.8847516801719166,-0.35216863012995603,1.9173710230308771,-2.956871277413637
814,-0.24061417758991865,-1.0804383267928657,1.1069065725978142,-1.7899210164633326
815,2.2954109553455737,-0.422753948977288,2.3340163571184265,-0.18213253257094958
816,0.317421830238402,1.8507464170950882,1.8777696660405938,1.4009387861229465
817,-0.43309580696495686,-0.44990870648825876,0.624491651012698,-2.337156231712361
818,-1.9288757727052257,0.43759318951610027,1.9778901754243219,2.918504385883481
819,-0.48066342440188237,-0.20881419172081905,0.5240617274918701,-2.731762635972592
820,2.3416527949780175,0.15730584474727038,2.3469305360449026,0.06707649167637766
821,-0.1537540724382893,0.6965940152096621,0.7133607340029852,1.7880358093314337
822,-1.0200562116556284,-1.248361641777091,1.6121170750282459,-2.255887039838247
823,-0.5630452123259602,0.9899355026625578,1.1388556583496245,2.0879356840464696
824,-0.22386847272969135,-0.6282729029864527,0.66696621631785,-1.9130935120988195
825,1.930073362215694,1.0941645086741438,2.218643539547695,0.5157279298915146
826,0.5407432828267247,0.05952467614402579,0.5440096368560711,0.10963794032947052
827,-1.4549384611120786,-1.6984041705917505,2.236386069601274,-2.2791385915030196
828,-1.0008017539541356,1.4509237252964624,1.762607105212571,2.1746225830715296
829,0.29412794368130335,-0.6414322000329875,0.7056532537254756,-1.140856029067762
830,2.3331647980678554,2.0167249357703767,3.0839645655391448,0.7127794443686817
831,-0.2504518890809777,-0.7171670133858754,0.7596411480646943,-1.9067796102643242
832,-2.0484583511346273,-0.31902645193110146,2.0731520671105974,-2.9870940111949813
833,0.1807515454887607,0.19937288178442714,0.26911088270005484,0.8343465095516042
834,1.4997601739285074,-0.4135108864980026,1.5557222864491047,-0.26903361391007086
835,0.648636038331631,0.6036814348200252,0.8860925374750187,0.7495164402477074
836,-0.507815384600292,-0.5475469390143104,0.7467825086734982,-2.318564949422196
837,-1.7420314591427655,0.09705537467491965,1.7447330312676383,3.085936287827361
838,-0.16207241103512615,0.46005088568425734,0.4877645782932669,1.9095118739112535
839,1.6772267341994507,-0.11374651791635415,1.681079352157848,-0.0677145254698474
840,0.8393761098487857,-0.010388634051871293,0.8394403954435029,-0.012375982033671655
841,-0.6489291948319078,-0.9823316457468714,1.1773209257211668,-2.154587806905536
842,-1.723788431474702,0.8992791384401606,1.9442606629049746,2.6607458384010663
843,-0.14095534003848798,-1.1604295673255294,1.1689590192169617,-1.6916724003494255
844,2.767383638387969,1.3380191265854648,3.0738749787728783,0.45035751066495483
845,-0.019307540968213743,-0.2571305883580237,0.2578544562492235,-1.6457441432569797
846,-2.0359271843228726,-0.5024391334551765,2.0970084841726435,-2.899640837906424
847,0.14902987010600555,0.7656727307093902,0.7800414301405967,1.3785607285909016
848,-0.9697835658740814,-1.1399544579510419,1.496655047377953,-2.2757090078072038
849,2.500156882102999,0.8301056602495933,2.6343613727629327,0.3205693759984179
850,-0.28092358324249744,-0.6688657077339535,0.7254649506380353,-1.9684243005173199
851,-2.1014322338317584,0.18075434591825967,2.109191685683279,3.0557890107204857
852,0.331765248255806,0.41561132453675853,0.53179032807436,0.8971182129120185
853,0.9920249453043652,-1.6191840278153435,1.8989129543079242,-1.0211129396599332
854,1.2474770802620014,1.5932149168174732,2.0234952030950595,0.9065115058676319
855,-0.15292969961166136,-0.4257480841245318,0.4523813923660238,-1.9156455665781487
856,-1.5068083740832208,0.1462801478002298,1.5138921222622754,3.0448164502130717
857,-0.3657016755054201,-0.2571208890688652,0.44704459180604705,-2.5287964253777084
858,2.1586346480120255,-0.3281373712164033,2.1834325448675562,-0.15085663831941004
859,0.1349063786990996,0.5860808170885186,0.6014070627892978,1.344553268332741
860,-1.0957420288539765,-0.6203658983659253,1.2591681546371756,-2.6264268363827417
861,-0.5571135473942377,0.7473619194790793,0.9321616508833891,2.211372709328199
862,-0.25624121863063465,-0.4478989750007436,0.5160165248633317,-2.0904454459959485
863,1.919151268589701,0.39063351694063897,1.958503545130024,0.20080181426531604
864,-0.045138214723351666,0.08590976839848707,0.09704610623148716,2.054567999280813
865,-2.1191594566619756,-0.8864382549355909,2.2970871952481766,-2.745413093603755
866,-0.29558664819222713,1.5350517842731648,1.5632515622860392,1.7610260765493027
867,-0.010778611595412713,-1.1899564085659549,1.1900052238352192,-1.5798540676898742
868,2.0619974134334598,1.1699539210565462,2.370785842374183,0.5160953324649326
869,-0.7647068258451668,0.1251492051983547,0.7748798958909504,2.97937425664296
870,-1.6815691643474793,0.7754430707302546,1.851752362068926,2.709511323442015
871,0.33862348950395926,-0.44573000252586326,0.5597687940529947,-0.9211126437456246
872,0.4319245845963451,-1.8100611680622194,1.860881586481389,-1.3365525240628722
873,1.613195071720213,1.668249732497486,2.3206584215261663,0.8021741566609633
874,-0.7135871942840026,-0.14903260273297292,0.7289838136224145,-2.93570225198406
875,-1.4513853467303193,0.4055028732652062,1.5069678181467006,2.869149487556845
876,-0.5388460756230415,-0.11058520264536753,0.5500765221843863,-2.939177220264884
877,1.2992175264780599,-0.14938160568861747,1.3077771389750923,-0.1144754452315885
878,0.21868095170771085,0.7037909054521307,0.7369823588369807,1.2695351581213836
879,-1.1097631195140707,-0.7111369168932029,1.3180629332478673,-2.5717116782455323
880,-1.7985049919707876,1.0277638177776538,2.0714532751855015,2.62242697377366
881,-0.6989923534934519,-0.8542240185859953,1.103761289487687,-2.256583190826472
882,1.81109843021801,-0.020708428191710482,1.8112168183120185,-0.011433683250007404
883,-0.38433235276391997,0.09676099239388947,0.3963256830311412,2.894954587582284
884,-1.3738564618806208,-0.480123256128941,1.4553349851243853,-2.805389009806714
885,0.3070226826832254,0.5247160278769769,0.6079390081192331,1.041388664751724
886,-0.48636279146694505,-1.362634385908315,1.44683144650068,-1.9136299791071663
887,1.2866105780414614,1.1838485989271135,1.7483890541609648,0.7438258219240959
888,-0.06927698628544476,0.17987465415695425,0.1927542270272629,1.9384273906550966
889,-2.664327725832038,-0.12102864060884855,2.6670752075044577,-3.0961982768095346
890,0.7638540232257469,1.5965146747049133,1.7698395620355805,1.1245360622687743
891,0.28934477344392917,-0.734575993527514,0.7895076238936855,-1.1955651572774009
892,2.334805428946936,0.4394675974193589,2.375804739498099,0.18604775774611756
893,-0.12160109300714339,-0.7102750300769998,0.7206090786074062,-1.7403552926969332
894,-2.362682923903037,1.619055882384707,2.8641949216468365,2.54082687034715
895,-0.20068211178130468,0.4150736016634511,0.46104165190020885,2.0211453521098126
896,0.8865181216585825,-1.0544577015346661,1.3776049594694526,-0.8717064880863769
897,0.4707167993561825,0.42993339919842555,0.6375084571536611,0.740146900090336
898,-1.8820104988965909,-0.2653342596814312,1.9006224736432242,-3.00153129397088
899,-0.4317255358311627,2.579804818484405,2.6156796133632376,1.7366079851881178
900,-0.5388099571159728,0.7410904807742327,0.916259390446559,2.199447030738687
901,2.5016597362619564,-2.204066765177238,3.33409834009033,-0.7222416684773836
902,0.9431006925245242,0.6708029142592125,1.1573311825138428,0.6182523388620345
903,-2.243783950467389,1.4782581207056182,2.6869710619593854,2.559039444658998
904,0.10554636126880723,1.2979059532234913,1.302190423014263,1.4896543768534205
905,-0.445655457188991,-0.6696251490172713,0.804367221310473,-2.158011420261801
906,2.662732643847619,-1.7967161453032006,3.21221637493568,-0.5935875233260871
907,0.5053534969003977,-0.2554958143859096,0.5662687241921271,-0.4681003669416393
908,-1.5944317778790946,2.290344877240976,2.790679550040576,2.1789361314010733
909,0.1968874180041098,0.37355491500895965,0.4222652364280964,1.0857325223178194
910,-0.11639127243159919,-1.9136966803043123,1.9172328790488629,-1.6315416253944612
911,2.2590173962597078,-0.6434516417304295,2.348869858431832,-0.2774883562546136
912,-0.2895418912717673,-0.8779720001649736,0.9244832826368016,-1.8893498813190126
913,-2.2653189886767677,2.8474362056879556,3.6386210390644083,2.242826800906026
914,-0.5645843546229798,0.4274709448466183,0.7081573992927753,2.493535842538491
915,1.754808925704026,-3.0543439034071795,3.522551780458468,-1.049316142860848
916,0.7745215049071135,0.29372584532496404,0.8283468076690128,0.36247857353789753
917,-0.5886610880384069,-1.5060948883204617,1.617047831449517,-1.9433922183232697
918,-1.0006561585536247,3.1972881695231834,3.3502185580382973,1.8741095736286884
919,-0.19083364800468416,-0.2006033895417545,0.27687398055147144,-2.3312410169080002
920,1.894479173032721,-2.054050004756995,2.7943107842716697,-0.8257889113999418
921,0.7719075681594632,-0.05169330186343046,0.7736365369082564,-0.0668684103419574
922,-1.4217488224502404,1.7078889809098925,2.2222183702894895,2.265018820044821
923,-0.11442166714255109,1.2990155674897252,1.3040451535481177,1.6586529465463569
924,-0.7556173925572125,-0.2910896043289313,0.8097473690499614,-2.773879926581379
925,2.7515454545454077,-1.1479461966604845,2.981406188169731,-0.39524591510356955
926,0.04581068008127431,-0.07692921998052782,0.08953615636334467,-1.0336986533217452
927,-1.9026921729631,2.4697408194183055,3.117668555211738,2.22722708771444
928,0.4493497385126375,0.9554545545073267,1.0558449664747993,1.131190209020903
929,-0.5359546248478182,-2.0612461213244373,2.1297847150758695,-1.825178305816434
930,2.6473162514215005,0.4999082290993613,2.694103110974345,0.18663812391757179
931,-0.13558435060281226,-0.38707987136282895,0.4101389312692109,-1.9077159958992687
932,-1.955950608892806,1.3250584186213246,2.3625246236150397,2.546161885323615
933,-0.9220696874835994,-0.02889099724842481,0.9225221939325423,-3.110270131334221
934,1.554833083812639,-2.367881700942924,2.832731838381225,-0.9897711855080191
935,-0.020938504636887956,0.200160385495451,0.20125257985456121,1.6750258711094677
936,-2.2262670332347057,-0.07942211496015261,2.2276832754259304,-3.1059327593404693
937,0.31379710288911156,3.2350277883171756,3.2502112874343903,1.4740990265869813
938,-0.7574048188042184,-0.7874817842894046,1.0926068003337135,-2.3367282288796725
939,2.9088414954488258,-1.3565081743417835,3.2095908263672865,-0.43635860454277087
940,-0.09357205947935654,0.44208143058153837,0.45187578113927257,1.7793802649960773
941,-2.09839374174112,1.8199677403584786,2.777685884207184,2.427132003372705
942,0.709877802032338,1.7382866023768173,1.877649276574569,1.1830885662024393
943,-0.5270238511124035,-0.17115307419186365,0.5541186826363774,-2.827583319903323
944,2.889191821213501,-1.6674859720289135,3.33585653868391,-0.5234456819710411
945,-0.133284818142954,-0.548414541271967,0.5643787308412165,-1.8092105620878587
946,-1.8453201041194802,2.7445362785629186,3.3072172095306236,2.162731044927421
947,0.42875193984184534,0.20534000685543674,0.47538694169438034,0.44664587897908153
948,-0.9018807906543884,-0.9999716539659005,1.346600263362028,-2.304663666191066
949,2.418025874818511,-0.6304831103280293,2.498871361975388,-0.2550638046185346
950,-0.579584078071548,-0.7931891194021645,0.9823780752297088,-2.201831230683769
951,-1.6065748898235483,2.0889446388001645,2.635293642193123,2.2264000364754195
952,0.8900652778969516,0.43654488054038154,0.9913564604337803,0.45598966111258404
953,1.6440481240344411,-3.0264360693311545,3.444155849535525,-1.0731663663713622
954,0,0,0,0
956,-1.8885080388730557,3.0712222251622805,3.605394370830867,2.122102919029004
957,-0.23727731990078382,-0.7418130163747136,0.7788370033596568,-1.880373503834981
958,2.5391344703881487,-1.4268967443213683,2.91259990003231,-0.5119805758888648
959,0,0,0,0
961,0.29366818909710446,2.4816636869910056,2.4989789236040716,1.45300888167732
962,-0.3791315880849311,-1.259984673856252,1.315789549827953,-1.8630802055667584
963,0,0,0,0
966,0.37614273300351897,1.3039232980971178,1.3570922308051954,1.289950805376901
967,0.29720018553075533,-1.2892084756885183,1.323021709597627,-1.3442253946819407
968,0,0,0,0
971,-0.6537336800129196,-0.006283677007481003,0.6537638786136541,-3.131980966608448
972,2.3859041619890604,-2.040181255612552,3.1392480351112,-0.7074461299445922
973,0,0,0,0
975,-2.983397292636141,1.6933456187026437,3.4304633491830363,2.625345231937625
976,0.3621238704990333,-0.7203056852771041,0.80620963640217,-1.1049620131976658
977,2.0321785671173416,-0.45340598142847455,2.082144738639994,-0.2195178903906112
978,0,0,0,0
980,-0.6908070016261263,1.882421214289458,2.0051742920511115,1.9225154500629424
981,-0.9033572716029994,-0.378195001755536,0.9793292702206369,-2.745108564096016
982,2.610580191588042,-0.38532029493011066,2.6388635179555773,-0.1465414341182211
983,0.012224711482133443,0.2020551544950422,0.20242462554945426,1.5103681327889291
984,-2.9322551947423108,0.7088300616879408,3.0167135401701297,2.9044073774970403
985,0.20894724172308088,0.7199721082446544,0.7496791223409759,1.2883399079710849
986,0.5051480187200355,-0.6436472756004861,0.818203114272187,-0.905379529004398
987,1.7516040519437297,0.656306543706549,1.870522663347795,0.35849787126468635
988,-0.24966894660008165,-0.44397080181060744,0.5093571004283224,-2.083075197854772
989,-2.4915996667903073,0.7482690407114063,2.6015332895884185,2.849845315187597
990,0.3963183176448979,0.7598138130226602,0.8569627992864779,1.090019000777412
991,1.2255234658917402,-0.763082141481398,1.4436765981684194,-0.556913496487227
992,0.8175853149833188,-0.037720770241527646,0.8184550102381845,-0.04610410618057344
993,-0.17780141515680725,-0.5189705120864758,0.5485833898752881,-1.9008672204716333
994,-1.3377134252390874,1.0493726781902026,1.700194172968773,2.476404034952408
995,-0.5472623152988945,-0.9204118545723716,1.070819323594629,-2.107224079996559
996,2.002605011351136,-0.29441667842633024,2.024131421628615,-0.14597117140596316
997,0,0,0,0
999,-0.2599910994611605,1.09415303422211,1.1246182614987508,1.8040883808629022
1000,-0.47241461763053394,-0.24491188173316658,0.53212536188861,-2.66331337117809
1001,0,0,0,0
1004,0.5904021591075548,1.2134914102748482,1.349494761860787,1.1179812147198716
1005,-0.5832509366678096,-0.6908555602030475,0.9041366380074108,-2.271939462808946
1006,0,0,0,0
1009,0.48877097952941995,0.2135484315050462,0.5333854169626444,0.4119142670866313
1010,-0.5687424016819591,-0.8135463371924345,0.9926356643956479,-2.1809115335582345
1011,0.18881403822661014,-0.49623079944144166,0.5309385532674493,-1.2072156143146253
1012,0.35775971762188874,0.049277762133563385,0.36113752698076895,0.13687853320305493
1013,-0.22984645061734454,-0.1468471317122635,0.27275166535423806,-2.5730656704357266
1014,-0.05402593553338875,0.4001877967781766,0.40381812044586246,1.7049864854101173
1015,-0.27759438137917414,0.43389226791938285,0.5150933320608139,2.1399514446945878
1016,0.08875802111208486,-0.5007206300874145,0.5085264356027823,-1.3953581144187581
1017,0.08556010603535924,-0.016021002662995443,0.08704713821320965,-0.18510499340483924
1018,-0.09072163323946825,-0.952484032602058,0.956794777943272,-1.6657572600719632
1019,-0.37132248855095895,0.2860561000935533,0.4687307147013198,2.485181029511973
1020,-0.3530085497536106,-0.6924835307838819,0.7772698865941347,-2.0422307511574265
1021,-0.04014855829240105,0.05145940989704911,0.06526850388901864,2.233346070189179
