185,-3.606644516454139,-0.6615144888090754,3.666808706078495,-2.960193390549647
186,3.3321991337039663,0.6167293823787077,3.3887912590991327,0.18301084905176235
187,-3.2530431632420687,-1.078322945245418,3.4271081389647913,-2.8215098629832793
188,2.8738533393120633,1.5422120899609126,3.261510562039728,0.49252479034575336
189,-2.8015397656978394,-0.4576638160243647,2.83867596376978,-2.979661500460348
190,3.1587614912630215,0.8864457648539883,3.2807865295861234,0.27359354804687114
191,-2.605642013354327,-0.1713125210766293,2.6112675622453594,-3.075940381387548
192,2.4740396782799507,1.453098013516069,2.869210024830512,0.5310573279465028
193,-1.0892905957790617,-0.6590370487579094,1.2731393614558613,-2.597493878412477
194,-0.33509363298446715,-1.073732303293923,1.124806117516971,-1.873301279068976
195,2.0879836396696874,-1.6656090954251113,2.670941657597772,-0.6733441131551069
196,-2.107590164494468,-0.3607655488481214,2.1382441588157106,-2.9720612743325363
197,2.0051500977876913,0.7340335841201977,2.135282701956425,0.350922382485029
198,-2.1588525952248574,-0.2733531360451025,2.1760897189442336,-3.0156432568445752
199,2.5082369828388664,0.6907897392414952,2.601623190610422,0.2687459334362931
200,-2.412012687138258,-0.6700593847527898,2.503354705592319,-2.870624303046846
201,2.625126121883227,-0.38426641553246554,2.6531015498657116,-0.1453479082694663
202,-1.6419341124866378,-0.825630782589883,1.837828560804099,-2.6756753186056788
203,2.627764564463291,1.0867972363549825,2.8436376068686706,0.39216025059436277
204,-2.632338529722688,-0.35080219112933264,2.6556107230472885,-3.0091069190238198
205,2.382860473245387,0.17238653410936422,2.3890879331028123,0.07221855273667997
206,-2.210082396917528,0.26706667976213794,2.2261601048900097,3.021335590319127
207,2.6735864854216516,0.01745737517012458,2.673643479407292,0.006529479099129407
208,-3.2357465311287115,0.0035579541948891347,3.2357484872513718,3.140493076497854
209,3.054979395496389,1.2373744271388887,3.29605742969457,0.3848395826330787
210,-3.2472204143605268,0.7748281629366147,3.3383827074677166,2.907359790208896
211,2.902155170068795,0.28280412019012147,2.9159017132875973,0.097139546900161
212,-0.8127582720994724,0.18746502586020597,0.8340978028905769,2.914904288300209
213,-0.39619761903395556,-0.021921250562513706,0.3968035969524469,-3.0863199278589493
214,1.739392020568971,-2.626832270429759,3.1505130341247867,-0.9859178967009378
215,-0.4807916646993817,2.218372934320655,2.2698764505080087,1.7842270541290413
216,0.32063012721982886,-1.8019918866533544,1.8302946314857396,-1.3947082262997246
217,-2.2597558496009924,0.5762408086063715,2.332069889456409,2.8919123982083534
218,1.989434555374487,-1.5462280572195368,2.519656932014949,-0.6606954524829592
219,-2.811022602478147,0.6512935611899593,2.8854863324040387,2.913917157319145
220,3.043616272703275,0.06993945354531661,3.0444197382467473,0.022975020818382666
221,-2.600270029809735,-0.19452415089654096,2.6075359773565427,-3.0669225297870906
222,2.750854310722957,-0.5935071528089111,2.8141517690519846,-0.21249650243727777
223,-2.72845107262242,0.611462799928745,2.7961280391625727,2.921129106260668
224,1.8981257116406596,0.6074773346575739,1.992965109908859,0.3097397934085707
225,-2.4129094463241927,-0.14775121033198957,2.4174288854721433,-3.0804353823678547
226,3.522728914680215,0.4426520160124028,3.5504309335070707,0.12500084763109992
227,-3.6036862355355197,-0.5681698017114059,3.648201119423783,-2.9852163922234025
228,3.588392011656765,0.258871118297634,3.5977175382748925,0.07201649884278892
229,-2.103699124207992,-0.512767446916655,2.165289925116472,-2.9025090730647847
230,2.9037520477251064,1.1242849912944166,3.1138067853220495,0.36940911249382263
231,-3.2997762743029853,0.031126638293017095,3.299923079113256,3.1321599792105848
232,3.429266342136998,0.39716845747364005,3.4521892226420117,0.11530360959868337
233,-2.8993731386710806,-1.4319507306811374,3.233704917327126,-2.6828507117356364
234,2.147332077998044,1.9532334035930035,2.902784143216803,0.7380988564482585
235,-0.47743999576061924,-0.9873207237079669,1.0967001235593636,-2.0212148320970664
236,-1.1314393591320595,-0.3054590469187133,1.1719472056102418,-2.8779051866395173
237,0.8325402681583682,1.2330844705184063,1.487824119154837,0.9769306462371884
238,0.8205273397995825,-0.3025919230196905,0.8745438738195664,-0.3533040939194479
239,1.6292259540809937,-1.5960916474325586,2.2807642921738105,-0.7751253328834348
240,-2.9373434014950135,-0.037531716672447146,2.9375831712587606,-3.128815913103292
241,2.542126430492317,0.503315388593478,2.5914731657886434,0.19546203804600176
242,-2.918667286311347,-0.06229419083922494,2.919331994548814,-3.1202525253183206
243,2.8184813388701286,0.24384132426155247,2.8290096586927342,0.08630025857085892
244,-2.384178161554928,-0.15109126346737867,2.3889608778570666,-3.078304813981838
245,2.457604830751734,-0.551593377991253,2.5187450761794175,-0.22078467446910321
246,-1.5331402574677213,-0.42071627295149483,1.589817986875978,-2.873770643012364
247,2.4743589714877317,0.5850427005218535,2.542582797317666,0.23217817522780013
248,-3.0499818278346993,0.024679016315758417,3.0500816716881873,3.1335013012053547
249,2.66133880466964,-1.0189573762676218,2.8497365435932185,-0.3656559512432811
250,-2.479433641539231,0.024404576849747173,2.4795537433513526,3.13175016844508
251,2.299236070518873,0.04196474290074548,2.299619000535044,0.01824957627923949
252,-2.705784517716097,-0.31883261435064014,2.7245043755306755,-3.0242998150170535
253,3.1074066994546,1.2635366199871214,3.3544748003023974,0.38620101734758916
254,-3.8986130445784966,-0.5504010907092152,3.9372738070918447,-3.0013408658353566
255,3.255396790786449,-0.6551054995683216,3.320658290313439,-0.19858446790671025
256,-3.130658144742938,0.8308350248197485,3.239028752220722,2.8821856345191796
257,0.80500848756094,0.853191382430964,1.1730192667214003,0.8144473400733145
258,0.8774192311170737,-1.4186602832733115,1.668071193466031,-1.0168961246241421
259,-0.611998893182772,1.6457106279035543,1.7558206389183517,1.9268245955183012
260,0.348618728921565,-1.558652015462826,1.5971634617224428,-1.3507511927203355
261,-1.7140671924499884,0.40933847358269304,1.7622668146987264,2.9071720133604932
262,2.5355082710636907,-0.5939350890625974,2.604143061095565,-0.23009820524030333
263,-2.5784690647815296,-0.28834394258569773,2.594541375129948,-3.0302277617123843
264,2.4277863561347885,0.23100597736879536,2.43875180217552,0.09486526174963927
265,-2.2693182886758905,-0.38694795985838937,2.3020717232435315,-2.9727040805434566
266,2.841755150131121,-0.11567231991080007,2.8441083697514578,-0.04068207603776973
267,-2.6299805382550403,0.42721178197109566,2.664452577595479,2.9805600419875784
268,2.504795046127697,0.07858636544665387,2.506027541736117,0.031364081170006566
269,-2.9557527935642156,0.6802014777678096,3.0330098296939587,2.915402700352185
270,2.924670387761239,-0.0626186451470403,2.925340659097249,-0.02140722582467134
271,-2.7269414802675556,0.1506913212241443,2.7311019225023596,3.08638860371041
272,3.1073409064456428,0.25677909849866865,3.11793249033654,0.08244894768753448
273,-3.239593318242896,-0.08092023204960697,3.240603794288802,-3.1166193310209596
274,2.672660706186889,0.7728801935888896,2.7821680474114787,0.2815009272832899
275,-3.1902137779454733,-1.0686645790468674,3.3644476413673834,-2.8183589246558847
276,3.6991359645076045,0.38844619776216405,3.719475410924165,0.10462652989210582
277,-3.3246326112023326,-0.7927675470778013,3.4178446985153954,-2.907511236722292
278,1.0533472970419098,2.617173355379805,2.8211942329969917,1.1881580033578538
279,-0.6882906160175253,-1.1946964638714235,1.3787833814217039,-2.0934732219330296
280,1.2324010833148122,1.3994867961193904,1.8647722978069037,0.848798197837435
281,0.08574187597253058,-0.6136832539766601,0.619644095837821,-1.431978127294591
282,-1.471835886469762,-2.1033737967767365,2.567193449210093,-2.1813545092771096
283,2.860073474385672,1.0475691741081619,3.0458859882513964,0.35109819413273813
284,-2.65760873797592,-1.4273104837494657,3.0166371046559606,-2.6487340139936952
285,2.4234024533334377,0.2835696060022883,2.439936714808566,0.11648330189581964
286,-1.8728026035846597,-0.22838637717245547,1.8866769541369395,-3.020242854492304
287,2.139042065298554,-0.4660923412468492,2.189233433804096,-0.2145441743402016
288,-3.058571902549943,-0.6308876951826505,3.122960353094617,-2.9381768138447333
289,2.5611538254744346,0.8219273959992961,2.689809205508174,0.31053794059614404
290,-2.307378841563036,0.36097353362947615,2.335444071364958,2.986407404507942
291,2.915455785319409,0.30938467421458427,2.9318255938563738,0.10572312999070338
292,-2.6226876151413308,-0.7370934984581936,2.724297552046226,-2.8676150944180576
293,3.3457846888788936,0.537854898993487,3.388740632846918,0.15939228583244905
294,-2.7670831433113108,-0.1305218070584715,2.770159754258843,-3.0944581341345248
295,3.3110714916558663,0.7330534090035599,3.391247812134634,0.2178801499239605
296,-2.553944647572166,-0.14666593827382712,2.5581524896519086,-3.084228439554383
297,2.5135259142329005,-0.23382350043573297,2.5243783295846045,-0.09275913499742114
298,-3.2097990064156647,0.19075075785099216,3.215461943983744,3.082234831639607
299,2.8247191219072647,0.06761977922644746,2.825528366909662,0.02393401400676759
300,-2.385751756643913,0.8601098334521566,2.5360600091343684,2.7955773249282525
301,2.31493460844365,0.1309217271215175,2.318633808949278,0.056495077504064156
302,-0.18646858662521026,-0.7034669613822189,0.7277611555684569,-1.8299082587817372
303,-1.0986391555402406,-0.07762321603581768,1.101377935930222,-3.0710559022408512
304,1.1085620524778506,-1.3899710592027077,1.777900269873145,-0.8975551918781292
305,-2.433457275804926,-0.031497246913204435,2.4336611082340625,-3.128649961531452
306,2.7169911931224533,-0.8673355647821381,2.8520715498459928,-0.30900112801207336
307,-2.0957143335467663,0.06765948879137795,2.09680623192914,3.1093191727966802
308,2.5844321314222043,0.0612698326709733,2.5851582996642675,0.0237028309642566
309,-3.347788953993131,-0.5634259357851761,3.3948696095128343,-2.974857226544261
310,3.4270841457797587,0.22071611961087,3.4341842332220702,0.06431464907301061
311,-2.547022139879914,-0.688293600106249,2.638383948743184,-2.8776621390559574
312,2.8971572548748554,0.5184837814605316,2.9431862990832944,0.1770882436503552
313,-2.998258631408248,-0.3892273948486036,3.023417401834337,-3.012496807506401
314,3.2054336800308647,-0.3043020802749652,3.219845467275702,-0.0946495441759734
315,-2.9236363829261336,-0.19566575297335476,2.930176579398592,-3.074766831313877
316,3.118311285636537,0.5856106550593267,3.172822893488889,0.18563520415797033
317,-3.999669573088795,-0.5671183779508056,4.039675723186436,-3.000740273233208
318,3.2573850740124044,-0.3937987328380359,3.2811027052476796,-0.12031026933860138
319,-2.1867893702541323,0.6903445066861877,2.2931688310650524,2.83580549802629
320,2.3008923980827376,0.7586616059029438,2.4227408569275757,0.31849949172068337
321,-1.9741820411544495,-0.6115563229272993,2.066735558248589,-2.8411903836051464
322,0.5097325901357408,-0.3825815195772293,0.6373350238049946,-0.6438551793788091
323,-0.2541265701586326,-0.6737160147142731,0.7200510968973473,-1.9314955234744142
324,-0.40514203985696895,-0.16256210232086232,0.436539241730276,-2.7600115810784236
325,4.204333514843938,0.035708671218685595,4.204485154360779,0.00849309706303985
326,-2.2954688156145266,-0.5879946695214358,2.3695811475542214,-2.8908299592850546
327,2.6712589748602795,-0.4806826159981483,2.7141629074347056,-0.1780407225431461
328,-2.798751902593267,-0.5261491763367303,2.84777898862065,-2.955767312771632
329,2.843153619495979,-0.37131188597743403,2.8672975117209596,-0.12986361199684957
330,-1.981833187990901,0.27436459287389425,2.000734543822602,3.0040272453882944
331,2.2471209376267325,0.44294018667721957,2.290359909991025,0.19461953584101724
332,-2.403368955787869,0.015740371799893182,2.4034204994027304,3.135043452429558
333,2.2527230900994937,0.24300757624803282,2.265792135828297,0.1074572879200153
334,-2.1706479100012075,-0.462363228582376,2.219344971908993,-2.931722202866363
335,2.7222789587259513,0.34373285337346715,2.743894131268609,0.1256018934800581
336,-2.5478252884419135,-0.8223143429149786,2.6772401048445045,-2.8293958203329215
337,3.493784063991029,0.5515802432186092,3.53705638214982,0.15658236439498235
338,-3.193497744299293,-0.2601145346327485,3.204073565630459,-3.0603207670227768
339,3.25427986205284,0.1016643796202743,3.2558674829676697,0.031230050931187137
340,-2.7520936726499485,-1.0921649861926426,2.9608856681920455,-2.7638058033427777
341,3.1738930381338832,1.655528844641026,3.579716856533933,0.48078441108764225
342,-3.0311343800264012,-0.6905102327840495,3.108790763521649,-2.9176091450992025
343,2.924716780263907,-0.05252905734050728,2.9251884634365624,-0.01795846031643111
344,-2.206098349196509,0.8933540997534237,2.3801158530361106,2.756828445530415
345,0.9571298807031781,0.937338114612885,1.3396642675091837,0.7749514067647987
346,0.0712534286093387,-2.2333929771422163,2.234529310937039,-1.5389034762611924
347,-2.9493961733854803,-0.09541282303223397,2.950939069919929,-3.1092539800037304
348,2.6222280810259235,0.06867333584420976,2.6231271673285055,0.02618294064684685
349,-3.1626485456796445,0.03555992824965415,3.1628484522636695,3.13034940941005
350,3.9395129374048565,0.5479409045788088,3.97743653863778,0.1382018416740742
351,-3.138788120071922,-1.0976286229208654,3.3251735979584263,-2.805186704579708
352,2.7345259252565484,0.44341339793049883,2.7702432162834465,0.1607544601445969
353,-2.62938714810457,-1.005226995939779,2.814988115069688,-2.776433315492256
354,3.3902092535157635,0.5118143860803457,3.428625489671147,0.1498368800219101
355,-3.4487752335346613,-1.2219698106059695,3.658860591697154,-2.8010745370772505
356,3.537873225594126,0.2932292630212032,3.550004276204149,0.08269390806753353
357,-2.844380094764688,-0.5097863679707189,2.889702452582679,-2.964249695755765
358,3.611419249396363,1.0852186391635996,3.770947956376312,0.2919121846541306
359,-2.7183873479582417,-1.560493995706679,3.134449119729979,-2.620471582651413
360,2.5428904416679643,0.8992326652964948,2.6972043275700366,0.3399016209419227
361,-2.485237859508402,-0.9925257571811699,2.6761006328241765,-2.761630777290223
362,2.3819664183934037,0.8296221775095773,2.5223078669681924,0.33515327847317566
363,-2.372536674742946,0.23122536338996724,2.3837775570877286,3.044440340372919
364,0.9281508875800455,1.7305638614451482,1.9637503274743375,1.0785099488478147
365,-0.6490724962267223,-0.023014752422227502,0.649480395537113,-3.106149595033156
366,-1.1944936573717087,-1.1551143416940022,1.66165707650177,-2.372952872505904
367,2.038879302399323,0.5586370302553405,2.1140255772636376,0.2674290281925859
368,-2.903889094243823,-0.3185993906913609,2.9213143349213753,-3.0323150009116855
369,3.0485121212155946,-0.9482990641969309,3.1926003928389126,-0.3015810837692606
370,-2.4623242691077394,-1.0111446760091667,2.661851679199772,-2.751942143289092
371,2.5121524264384334,-0.2748101297612493,2.527138781523465,-0.10895905161353077
372,-2.145755571948939,-1.5515613284532037,2.6479443971695082,-2.51554154315204
373,3.6908813734074783,0.6166570879121309,3.74204105758322,0.16554676085854836
374,-2.7613585341917997,0.1962816292509615,2.7683257453441596,3.0706304627764625
375,3.214754405924282,-0.19667680908219154,3.220765073338994,-0.0611032607569455
376,-2.847247722912016,-0.17728090751006675,2.8527614894686257,-3.07940897238639
377,3.243504186108453,-0.470952089920047,3.2775166324983185,-0.14419087319609358
378,-3.3430562367460652,0.03373562036063049,3.3432264497230637,3.13150174488096
379,2.9114039456292176,0.10641661814645431,2.9133481479636285,0.03653538512659442
380,-3.0635230445416255,0.5315839663912811,3.1093013616826974,2.969782910200776
381,2.4558739049464293,-0.4766732757830141,2.5017062275260322,-0.19171145026517455
382,-2.5138671769108214,-0.4800335538137688,2.5592890411082254,-2.952909892567616
383,3.770678753820107,1.3918402986676028,4.019357869300204,0.3536073800404256
384,-3.57312262115704,0.3957511530439888,3.59497207791101,3.031284461536697
385,2.6095557278365504,0.7256073956285718,2.708558138433699,0.2712068201292469
386,-2.7853666823193635,0.33705371048301913,2.805685791161432,3.021169426974805
387,1.7851719911691362,0.8555368746448266,1.9795914684428746,0.44690714031236806
388,0.2900674628701836,-1.3152735947900283,1.3468792678513648,-1.3537331671420607
389,-2.678072388006626,-0.26580959443367647,2.6912314014028054,-3.0426625963073723
390,1.8960373417712617,-1.239531683315704,2.265258571407356,-0.5790059005796853
391,-1.4837184739441227,1.245567907435543,1.9372299610413921,2.4432314897355996
392,2.257558121185639,0.3199212261718003,2.280113651002182,0.1407738316631548
393,-2.7211906896728806,-0.4349913451666225,2.7557387829640594,-2.9830804208960218
394,2.8157793747626556,-0.20432568694002384,2.823183039351555,-0.07243755830143955
395,-3.1381342249626414,0.021180900741342157,3.138205704608621,3.134843235753412
396,2.7617090360446355,0.12000538524011972,2.7643151217358017,0.043425986645010954
397,-3.074791017066559,1.3327265590733077,3.3511937992143315,2.7325979977530914
398,3.003271330475627,-0.3263325886535995,3.02094879845293,-0.10823440902663684
399,-2.349888320043533,-0.39362596645253234,2.3826280696203317,-2.9756251317577807
400,2.267716713061418,0.01571771881208406,2.267771182765743,0.006930965863879645
401,-2.6996811436158623,-0.29976572879536434,2.71627277153,-3.0310081889317146
402,2.1855787903883765,-0.43703503229050966,2.2288459499132474,-0.19736004454343067
403,-2.3682265942952654,-0.8263252000037937,2.508248500067061,-2.8058789497183425
404,2.7466765172825944,0.9167713969757187,2.8956349364007288,0.3221478190607457
405,-3.6273282462013867,-0.7421805600542939,3.7024778445539592,-2.939770228067172
406,2.8995733094519665,0.9799593108680256,3.060693651420077,0.3259147992468297
407,-2.6681091507826977,-1.5712434328297604,3.0963869857789126,-2.609376581987995
408,2.440574211087892,2.9748305780019564,3.847859073256548,0.8837348843565699
409,-1.5166062809458936,-0.7929179349576998,1.7113776506026124,-2.6598531275698027
410,0.2344072210238437,0.3347641248893751,0.40867317575425754,0.9599253614640582
411,1.8406004160348175,0.09702982699673157,1.8431561732079458,0.0526676475545388
412,-2.6791525005144194,-0.9158898444959505,2.831379933577174,-2.8121895763050757
413,2.48030564467399,-0.5719889659995943,2.5454051677929277,-0.22664983789814785
414,-2.763718394511102,0.48468316481341844,2.80589685028024,2.9679845395423867
415,2.3244173423722714,-0.8647665263345061,2.4800679681391036,-0.3561694134067161
416,-2.2732483397813894,-0.46923799122885157,2.3211726145918856,-2.9380342093616267
417,2.734950430230583,0.3379940334498315,2.755756488238055,0.12295978777191985
418,-2.1159224269147217,-0.5066935861848378,2.1757449544929517,-2.906551709346599
419,2.26077124388587,0.4064913558557919,2.297024562247157,0.17790121603696335
420,-2.759694442724026,0.4133700683560164,2.79048172017208,2.992909708161243
421,2.960034981458307,0.27622413017536473,2.972895366733921,0.09304838905548432
422,-1.9664346656112457,-0.7224054426189923,2.094930766789956,-2.789529660291728
423,2.440977592453237,0.8537390088507664,2.585970205182629,0.3364546750236031
424,-2.4123232918790336,-1.0608644893288783,2.635286915927964,-2.7272795056489194
425,2.7720466089155025,0.23354710299406634,2.7818674755129615,0.08405228692528646
426,-3.0002449855068107,-0.38389561701342245,3.024705906004893,-3.0143294260038163
427,3.076402923857245,0.7314195178928458,3.16215582491945,0.23341789174451474
428,-3.4896953891822022,-0.8984353927827442,3.6034927590164805,-2.889611031467394
429,3.6040673479675434,0.9320511912467282,3.7226362798143797,0.2530664998121535
430,-3.1823628282805885,-0.03026362966772922,3.182506725539271,-3.132083141620144
431,2.430234265764284,0.5447488019900675,2.4905400707004257,0.22050987279506842
432,-0.7287716220474749,1.2842317754486885,1.4766039855607185,2.0869582738302106
433,-0.6694410106182431,-0.013954194715893209,0.6695864292589447,-3.1207511245956883
434,1.0848874358368903,-1.9442943394041095,2.2264907874670414,-1.0618431342367138
435,-2.8612218811202865,0.39059500214534637,2.887759530969024,3.005917955827191
436,2.012077683982625,-1.6670405187365986,2.6129448324621154,-0.6918890947925408
437,-2.1799170599014133,0.7121194953516579,2.293284230903165,2.8258485562810396
438,2.712599502373905,-0.0685819265719374,2.7134663331118514,-0.025277347139957194
439,-2.0903341147459287,-0.15701385206875784,2.096222808055507,-3.066619208853023
440,2.2439587247341706,-0.38891295017765515,2.277411697767115,-0.17161080786538285
441,-2.338456236770867,0.16190578911016473,2.3440544054778143,3.072466782601679
442,2.2333138876043677,0.023770712641407954,2.233440388133521,0.010643293442477872
443,-2.173457467268122,0.18567527257187066,2.181374032317291,3.056371040167641
444,2.8106924309154238,-0.3296419646111417,2.8299568487943323,-0.1167480698748712
445,-2.756865443964898,0.935846147068446,2.9113768370155433,2.814338074630522
446,2.8725692626057935,0.15045256194605372,2.8765065864453923,0.052327794444083996
447,-3.6137112173970536,-0.3520605083708688,3.630820205448853,-3.0444756054454127
448,3.144572221126623,-0.6578162120042634,3.2126401327657073,-0.20621723965077468
449,-2.8848533723960372,-0.11086779189292884,2.8869829662649558,-3.1031805597477313
450,2.6510237637800174,0.3014483030813153,2.6681075832051775,0.11322382416401588
451,-2.9243546253363775,-0.39313516143226934,2.9506618291292956,-3.0079590063611983
452,2.0764054676421893,1.3012134862365201,2.450431840067823,0.5597967097224265
453,-1.9773135864103324,-0.6435127093146775,2.079393571706041,-2.8269556267552973
454,2.697792247855432,-0.5915420406456633,2.7618843202495102,-0.2158528858324497
455,-2.591991501108623,-1.0865736271504147,2.810527030476338,-2.744641356462891
456,0.9710621850073267,1.7355865054556716,1.988774065868477,1.0606880457230206
457,-1.7628336047125686,-0.7662925903525775,1.9221827831746834,-2.731540123486767
458,-0.14471388509252847,-0.13569635317014672,0.19838248108704237,-2.3883417662072546
459,2.715031386330793,-2.607946476004713,3.76467531806751,-0.765283394863555
460,-1.8470099885435047,-0.1437455320084382,1.8525951192184078,-3.063923141388459
461,3.1863770947463763,0.5957016725052426,3.241582865291261,0.18481914618479797
462,-2.5837565321376132,-1.010362811986738,2.7742802362431833,-2.7688306204757107
463,2.1865741083099692,0.4233210453294305,2.227174676254725,0.19123433971098702
464,-1.9599595724884011,-0.6694832719051647,2.071146874837649,-2.8124384227259953
465,2.4648747589868663,0.24550986951101095,2.4770713904766404,0.09927594893733374
466,-2.803605579635132,-0.9704869279769355,2.9668247544361894,-2.8083457809296757
467,2.526241693133329,1.0343120844147506,2.7297799508552947,0.3886067707895248
468,-3.291451955657408,-0.12826957753509305,3.2939503731723105,-3.1026418489030636
469,2.9981440416188434,-0.22008045281688737,3.0062107544226935,-0.07327414251181862
470,-2.597998647707982,0.3200665775621019,2.617640079836191,3.0190129570368516
471,2.9396016469877395,-0.01535865871653641,2.939641769224713,-0.005224693958584054
472,-2.9279341916369503,0.37517718768901887,2.9518733971359548,3.0141499597776407
473,2.6811637882881314,-0.6418064498858485,2.756910368282335,-0.2349549480315055
474,-2.7032720846954135,0.5770621694075544,2.764178125818747,2.9312812361120693
475,2.767458625244558,-0.002075470147019587,2.767459403499323,-0.00074995511729903
476,-2.2334296110112746,0.3031766614878961,2.2539130230363638,3.006672438612052
477,2.4925012211645026,-0.19549253030174896,2.5001559285193227,-0.0782720331025802
478,-0.5916108523781531,1.2037607997807527,1.3412842591115435,2.0275956974237
479,-1.6688169856914783,-0.44392637183466377,1.7268528470436268,-2.8816009895160177
480,2.97787568439162,-0.8068741406596018,3.085253550448655,-0.2646029308950517
481,-2.755397239687909,0.7245477056238769,2.849067097525885,2.884457946879321
482,3.1778933224585444,-0.4026862831210565,3.203304888945237,-0.12604310665251478
483,-3.1358812603277784,-0.3988675189782498,3.161146402267823,-3.0150772971246345
484,2.316345656188105,0.264873613848863,2.33144059119139,0.11385524541533655
485,-2.8166313284036733,0.14783325997530028,2.8205082366304066,3.089154929891485
486,2.4690368965118523,-0.20682611441748122,2.477684450841534,-0.08357281759840883
487,-2.28338370537881,-0.4301674566510201,2.3235501257237967,-2.9553847302847167
488,3.235032176626987,-0.045790484845042556,3.235356232675822,-0.014153623408924749
489,-2.5010915108784957,-0.5843498971161125,2.568447692293555,-2.912071850066697
490,3.2468480886543603,0.8895379140539035,3.3664967267677306,0.26740807340799855
491,-3.255790809253085,-0.2931349270171495,3.268960366699818,-3.0517998212066377
492,2.732304483659391,0.4219915939142993,2.7646997480304334,0.15323457164101645
493,-3.094693746482335,-0.8147568486662067,3.2001497007117274,-2.884159012322537
494,2.6913520000071003,1.1284728902400047,2.918360267675814,0.39702933004218777
495,-2.705632605840151,1.7331834781597308,3.2131562001793856,2.571865658003331
496,1.13306353847247,1.467549739713263,1.8540591200790284,0.9133140934737777
497,-1.0251757555110999,-0.39621434541311373,1.0990774027332635,-2.772791754792
498,0.913009323156075,-0.13710784785428132,0.9232467633916442,-0.14905752846326809
499,-1.390929923286194,-0.8548690535898231,1.6326319702488057,-2.590505130817807
500,-0.7745252179209956,-0.2964560487249628,0.8293223149181403,-2.776037490441675
501,2.2134105443110457,0.4092775226665708,2.250931879961587,0.18284289915121588
502,-2.4372561401070243,-2.027278929156182,3.170185696310238,-2.4477674299727457
503,2.086586610191148,-0.4769021474830879,2.140392333219068,-0.2246966234379548
504,-2.7003650025701518,0.4511004805676748,2.7377842849052376,2.9760694027210093
505,3.0662591597316577,-0.06000294196269351,3.0668461956352604,-0.019566279782750752
506,-2.4893151520598167,0.166951634121574,2.4949073679017526,3.0746256446108404
507,3.1120697270845312,-0.23030246854625602,3.1205796277702142,-0.07386834228898723
508,-2.3483462272466795,-0.919013858998369,2.5217685215052525,-2.7685695656604397
509,2.4854416754985778,0.9138467215716446,2.6481193615153416,0.3523375753411982
510,-3.2043160246471416,-0.0033138124426841387,3.2043177381719445,-3.140558482416972
511,2.711962793557973,0.6322768743686993,2.7846932038384797,0.22905202588392062
512,-3.069520245129411,-0.47475792318175536,3.106018290493984,-2.9881401459926407
513,2.8557821994187407,0.39107305904337863,2.882434753472572,0.1360942835882076
514,-2.4823965324559367,-0.3440123759933158,2.506119921150188,-3.003888948881237
515,3.0835063169367913,1.3062840443005825,3.348789215669356,0.40071469474590315
516,-2.9473219908385317,0.5025805701982335,2.989865238973353,2.972696082721397
517,3.0501818053484158,-0.010060213334895707,3.0501983957721284,-0.003298222039746822
518,-1.5562718885265667,2.1410873906955885,2.6469298074587644,2.199322952781634
519,1.088066356811737,-1.6982631853720704,2.016924947442432,-1.0009912349761534
520,0.20159416090928062,0.12066730197932429,0.23494851240151823,0.539364025016805
521,-0.18661688168856472,1.9680827356621649,1.976910598621656,1.6653353298125178
522,-0.08832427535480747,-1.0545508739695606,1.0582432250701705,-1.6543566481689862
523,-1.6857002048677714,0.09441945717753697,1.68834244588737,3.0856391096464324
524,1.669434099646196,-1.8191039350684832,2.4690381405808917,-0.8282751803857327
525,-3.4402474057413883,-1.1491088845967852,3.6270860813288706,-2.8192248943936122
526,2.552409178483913,-0.5818359186371254,2.6178857214602074,-0.2241258205094964
527,-3.399409756321802,-0.033651720716989075,3.399576316202222,-3.1316936934904804
528,3.1128685023912794,-0.2821021900701908,3.1256250509013594,-0.09037763402800854
529,-2.6680137384271347,0.0013247762366290772,2.668014067329483,3.1410961133701263
530,2.7081942271233856,0.2589521473956893,2.720546302944552,0.09532819434446212
531,-3.397782316518601,0.05506690323613839,3.3982285141347583,3.1253873533035907
532,3.6512794227669474,0.2542580362381841,3.660121387619956,0.06952309752526296
533,-3.1379149003905695,-0.7402835507361942,3.224054847173625,-2.9099130448750947
534,3.0057112560988344,-0.5005166375445924,3.0470997783955447,-0.1650077839038384
535,-1.9645380488585715,-0.1790969093650574,1.9726848324953377,-3.050679062679858
536,2.5620342237276645,1.100521124403258,2.7883984845802847,0.40571799453808544
537,-2.8566835827773502,-0.9026492803594692,2.9959000009084256,-2.835542324057578
538,3.338232871664445,0.88391967439577,3.45327564730141,0.2588464184529592
539,-2.706924615216735,0.5934025638008507,2.771203254038161,2.9257897922080205
540,2.824041405932917,0.28965433789301187,2.838857075987413,0.10220989480145835
541,-2.630475208404846,-0.7629636380680722,2.738889069503653,-2.859291108418232
542,-0.518920500691479,-0.5612773056840297,0.7644021846605482,-2.317002486975656
543,2.786606223118838,-0.08394653223331261,2.7878703813123438,-0.030115899074781443
544,-2.7144129029604755,-0.847483707334618,2.8436360600393193,-2.8389663484168413
545,2.1824564453806943,0.6886478904718842,2.288526174863445,0.3056501634548398
546,-3.0366032206919726,-1.713869267118298,3.4868763936637435,-2.6277584418783744
547,2.9058570932317025,0.03953328045679427,2.9061259997716333,0.013603849198358595
548,-1.8560265804039773,0.08113572521040169,1.857799147666803,3.0979057245544297
549,2.5380872995682466,0.23241562561258888,2.5487063705453648,0.09131650091531816
550,-3.1970268148213563,-0.3811947769074777,3.2196723300094265,-3.0229187734932492
551,2.960796694404962,-0.10292753924261433,2.962585212940531,-0.0347494668897227
552,-2.5556311108674663,-0.8849742308839268,2.7045202465802096,-2.808232106431636
553,3.2071236852013953,0.25408824468547664,3.21717316417179,0.07906106626534246
554,-2.6951012479535166,-0.6411956511901735,2.77032535992179,-2.9080233360138186
555,3.185934632175872,0.6153491231132193,3.244816485383082,0.19079614707251633
556,-2.6080446447731447,0.261847789437752,2.6211564497304076,3.041527936543096
557,2.749404189209372,-0.03439345585798037,2.749619301912157,-0.012508769039570416
558,-3.025176697194752,-1.2150830566822606,3.260079889187756,-2.7596587416635274
559,2.6833581690797246,0.2792025871823398,2.6978445374513713,0.10367661861360487
560,-2.4092415661656332,2.64360225026428,3.5767412237597784,2.309845770462269
561,2.2076613822318905,-1.5600577786100303,2.7032478708397574,-0.6151793103801295
562,-2.064211117759328,1.2980511426518433,2.4384225039194845,2.580239315264699
563,2.146977410867521,0.5552659424714648,2.217618603286897,0.25308139909113125
564,-0.3869448306356844,0.6367646971615386,0.7451144754377709,2.1168387792852723
565,0.031466100704165,0.19857253105476502,0.20105015688384895,1.4136415232102562
566,1.005601335129768,-2.5555639142510245,2.7462958626187364,-1.195910353537337
567,-2.4211342908677125,-0.14758691531642398,2.425628403525181,-3.080710232141521
568,2.300393495195408,-0.5197162703356071,2.3583713096942343,-0.22219464226667784
569,-1.5796259484641269,-0.023609637825870777,1.5798023775331715,-3.126647419241003
570,2.3054497535088103,0.7709366241176667,2.430934356242426,0.3227079946044931
571,-3.308244857595696,0.7687332285837556,3.3963855515146055,2.9132755488612445
572,2.934635476283006,-0.9434814647137273,3.0825707863595193,-0.31106183293111667
573,-2.792857553997351,-0.352522696586675,2.815017862914693,-3.016033713494312
574,3.1000532624316293,-0.8367244366894511,3.210987077654824,-0.2636246586110993
575,-1.9907499172015832,-0.861696448290445,2.169240881468556,-2.7330916720953327
576,2.0731583267025826,1.767423011921096,2.7242924862511533,0.7059591677312013
577,-3.0805617206850684,0.3733709692812681,3.1031059272368036,3.0209787269076385
578,2.5488935796918213,-0.046870442458498474,2.5493244828719708,-0.018386472076405327
579,-3.202114822895055,-0.6221874908902691,3.2620019332956502,-2.9496788325712773
580,2.8280175176398643,0.6576121693605046,2.9034697941202987,0.22847439031051045
581,-3.187834384348207,-1.3971373795143336,3.4805575586777606,-2.728534730304438
582,2.984916249204275,1.0591502191874724,3.167258152024964,0.34097490344779996
583,-2.8761658513867587,0.8588805699203022,3.0016671764321146,2.8514024189907263
584,1.5450676177825926,1.1116489330341892,1.9034172673999852,0.6236820735976696
585,-1.8250144489009017,-1.447256831047639,2.3292123290312365,-2.4711277490433075
586,2.1752402878672683,0.8730491550066972,2.343903824182806,0.3816761475074146
587,-0.4308790404811589,0.22549192869178114,0.4863161085457724,2.6594557130720853
588,-1.7070272771612736,-1.0920267083274666,2.0264413282089255,-2.5724751249361786
589,2.249264813962327,-1.6671028056449586,2.7997185515544727,-0.6378302784352503
590,-2.0369651529451858,0.015946499664892144,2.037027571036918,3.133764255599581
591,2.8154363454468694,-0.021825090250899848,2.8155209375580363,-0.007751783529686198
592,-2.3494196390965953,-0.22841845212747103,2.360497326803207,-3.0446739067822035
593,2.448314839263844,-0.5096258826672511,2.500792692816403,-0.20522325722775772
594,-2.5093004572244126,0.5413511579805572,2.567031332273437,2.929111323235087
595,2.11911626493486,-0.13676914681957442,2.123525263290556,-0.06445126137104787
596,-2.917636211130116,0.5434068821696201,2.9678093099266007,2.957453471740667
597,2.287379885140922,-0.5090704726283093,2.3433436549190363,-0.21898714180892428
598,-1.987844039550282,1.283057059622024,2.365958440848338,2.568421570571977
599,2.418755102750424,-0.7171435867062428,2.5228299924955526,-0.28823612525956166
600,-2.52062263217033,0.2569105301423633,2.5336814074203,3.0400199697553316
601,1.857615211803136,-0.02003854183931253,1.8577232889430695,-0.010786822000373147
602,-2.231216873003177,-0.9523691795276363,2.425971102154397,-2.738165843022801
603,2.026208279297748,0.7024619267562002,2.1445215666056554,0.33372114647218154
604,-2.9557055065365603,-0.2752025696132705,2.9684897668161656,-3.0487513974074876
605,3.0856610666053257,0.0828151315146215,3.0867721917841133,0.026832258620498838
606,-2.256549573029133,0.20241393432218047,2.2656097140385296,3.052131444883307
607,3.180636770743263,0.031970735930485716,3.180797446452708,0.01005133926503539
608,-2.604746327323255,0.9759444542753499,2.781577072010552,2.7831032002978686
609,-0.6810098156140612,-0.3495503928677408,0.7654801409028777,-2.66737562808903
610,2.555171924899696,-1.3712455905416618,2.8998651753789466,-0.49253977086716094
611,-2.8752887327452754,0.17092058937942056,2.8803644117586478,3.0822178549379267
612,3.2465603677306945,-0.47490474703079144,3.2811109003006957,-0.1452492010211796
613,-2.856010924380371,0.1980556836915639,2.8628699680604694,3.0723565342211083
614,2.940535856898805,-0.5383997911127381,2.9894189169097443,-0.18108996407546357
615,-2.0267723309867733,0.4824104634056994,2.083392890661015,2.907921556677278
616,2.008054803119421,-0.3703010899718038,2.0419125812740573,-0.1823591614527601
617,-3.2220367161348804,0.87844118756027,3.3396376330559487,2.875426142244107
618,3.147877544642597,-0.6790679053068516,3.2202897782781816,-0.21246660254341562
619,-2.487817706154374,0.1938753724388107,2.4953606150401386,3.0638199441638054
620,2.9345753847588867,0.13639831190243967,2.937743553873041,0.046446315975351704
621,-2.8516954082302846,0.22461547603415966,2.8605277158936495,3.0629893460063564
622,2.3197240842097244,-0.506268629729675,2.3743267998131614,-0.21487589435415352
623,-2.56046118478082,0.5961114306937816,2.628937107762943,2.9128532136606506
624,2.68748315527057,0.5463714855152375,2.742460120046814,0.2005688148867027
625,-2.6996051742228246,-0.9534725346356936,2.8630364948765954,-2.8020791297686185
626,2.7622268946371378,1.303755055873694,3.0544516141482654,0.44099301289466514
627,-3.509982876748154,0.0694732353931613,3.5106703527248526,3.1218021966039853
628,2.94032239655769,0.7179710554833036,3.026710794279917,0.23949456511114653
629,-3.2015339776248766,0.5260170725963462,3.244458933404674,2.978746025994365
630,2.0041034391376797,2.2211391944621255,2.991636661752114,0.8367195174236725
631,-1.442751189880255,-0.5320920789903312,1.5377428186875541,-2.788265329026231
632,1.1976506697207014,1.280124905832281,1.7530222192586582,0.818671474577119
633,-0.5387736513922619,-0.740606420434915,0.9158465577944641,-2.1997257769327767
634,-0.6548996252304278,-1.642004537758453,1.7677874366411548,-1.950303636250214
635,2.121877026933589,-1.9114436953370841,2.8558674895506644,-0.733271710441047
636,-2.4581785763569997,0.32325413480157295,2.4793416765195633,3.010841401716893
637,2.749777963710585,0.439459402559919,2.7846729460040103,0.15847616458120525
638,-2.588439487414689,-0.4783799916162934,2.6322739972097176,-2.958840687271538
639,2.3814679159354455,-0.03367342670765083,2.3817059714196773,-0.01413883538171962
640,-3.3499646952595867,0.9214553696903067,3.474383896148604,2.873166754448494
641,2.684539363467252,-0.6408895996511319,2.7599802667675264,-0.23434715715422208
642,-2.937222184625398,-0.387591868706636,2.9626848665599077,-3.0103920370036477
643,2.1027146758775643,0.4783078099762861,2.156429310048257,0.22366567002842766
644,-2.6916418478086825,-0.2810817005658919,2.7062783964825115,-3.0375421868019625
645,2.9246256272139135,-0.6204159847345636,2.989707519720037,-0.20903630950389956
646,-2.694180546308644,0.05321849953520541,2.6947061110259725,3.1218420917646745
647,2.9060720215044284,0.9595637910588266,3.060394952172354,0.31892133367861725
648,-2.5551272427022695,-1.316054596210165,2.874138988741707,-2.6659664318687835
649,3.055013709857917,0.36227246226405896,3.076418389025572,0.11803173412026212
650,-3.7153728559482033,-0.45595109036935355,3.7432454976297924,-3.0194830670235446
651,3.047828692155349,0.21022714720959357,3.055070406741761,0.06886696009360413
652,-3.6222457249317586,0.8635788583055728,3.7237659078275525,2.9075518129233595
653,3.6499514730789997,-0.3892533371154059,3.67064897753613,-0.10624459454921528
654,-2.2100786043739618,0.9619769366682931,2.4103624341980754,2.7310569945332994
655,1.981895668803304,0.25320696329242764,1.9980050571209946,0.12707158993180234
656,-1.0164680242492068,0.4121995203854567,1.0968663040348567,2.756335543196777
657,-0.5853389793508086,0.12182768284640133,0.5978826850270625,2.936390377281789
658,1.3523152054466436,-1.6239358191809288,2.113273280884664,-0.8764087198517493
659,-2.23114039792506,0.036866077025706545,2.231444954035044,3.125070733899072
660,1.9676756904497097,-1.8369935736852767,2.6918939452637702,-0.7510638356824081
661,-1.992924697875651,-0.05305627606867347,1.9936308133235277,-3.1149766219124637
662,2.8995044021479544,0.1665561204900996,2.9042842008570853,0.05737990515563016
663,-2.803938320795851,0.581051595890699,2.8635102695668095,2.9372578557173807
664,3.15661819497177,-0.933238238453896,3.2916822505429297,-0.28745656516779866
665,-2.775050958461293,0.2569780052663191,2.7869240243048603,3.049253013734624
666,2.9708165623301284,-0.15489898219652787,2.9748520537499883,-0.052093031652159595
667,-2.7912509663233322,0.16403572059300586,2.7960668222757845,3.0828923532822095
668,2.462797522692199,-0.3005715211266988,2.4810713164057274,-0.12144416468037218
669,-2.6039642008341843,0.6397831996915784,2.6814086040425855,2.9006690389565626
670,3.288251604798006,-0.6780590800077562,3.3574339505696353,-0.20335622908065085
671,-3.154581397946231,0.5761429493769583,3.206762307123055,2.9609467544481802
672,2.910722139486438,0.028746288198135517,2.9108640851784333,0.009875677677977108
673,-2.946800603443421,-0.6232496729749073,3.0119883717102627,-2.9331638126588317
674,3.4394554148141196,0.5387497544535336,3.481394095533844,0.15537556827818824
675,-2.9676523061383477,-1.286239276664105,3.2344043790104005,-2.732612027753524
676,3.032525660845863,1.3670778771398773,3.3264265820627865,0.42352320327462906
677,-2.6153009677502723,0.35847367763187776,2.6397542555075906,3.0053736482486246
678,2.496751097915535,1.2547972501303093,2.7943303641260844,0.4657031097603338
679,-2.7439735325110632,-1.1984779791789606,2.9942845913002536,-2.72979734412112
680,2.2310649793470247,0.9736900463923348,2.434280848323021,0.41150685398492304
681,-2.8329356201217024,-0.4642535468188953,2.870723877959749,-2.979159277004991
682,0.406348905928553,0.5171889643787608,0.657726279104391,0.9048436493782481
683,1.6261690759534986,1.0894656147285104,1.957386315795435,0.5902780275077946
684,-1.426399844113348,-0.20877940883076462,1.4415981953506696,-2.996256582929732
685,2.5775079750151235,-2.0593339742916896,3.2991519787573544,-0.6741084165242723
686,-2.869197223560491,0.5304018852870058,2.917810629153859,2.9587955546161466
687,2.0829855731949465,-0.7442965121728093,2.211968850633048,-0.34318278419503645
688,-2.789252958193515,-0.38792454816177724,2.816099699914368,-3.0034008122918503
689,2.1714095236199,0.31595183806143723,2.194275480253471,0.1444913909900808
690,-2.178805020385539,-0.21837337119745825,2.1897210429882095,-3.0417000350602685
691,2.3693772977585468,-0.13704308232911444,2.373337225416535,-0.05777491324840079
692,-1.9698302689779439,-0.27434681839235964,1.9888432480574554,-3.003208489515067
693,2.6332721051352337,0.6153812703799986,2.7042219005876436,0.2295744468037976
694,-2.2306537158441415,0.365851001450892,2.2604563599574083,2.9790293008327455
695,2.9937731541879202,-0.0665905395549089,2.994513649775954,-0.022239347290973006
696,-2.3307649610379713,0.14898586599463215,2.3355218029101135,3.077758055004797
697,3.156320410405442,0.058374340744080655,3.156860164277044,0.018492319850913288
698,-3.1389729643622104,0.036185921488822714,3.139181532168995,3.130065214816633
699,2.572956962397029,-0.36761047248819523,2.599085414108267,-0.1419142675597576
700,-3.099323722502959,1.5788848663806903,3.478316397074247,2.6704304618414025
701,3.2494674194213076,-0.6749560117301598,3.3188257151666245,-0.20480060524896634
702,-2.304434165730413,0.5516005030312954,2.369531586438552,2.906648331759299
703,3.2541904325781843,0.2010050275530375,3.2603923678884095,0.06168968420007899
704,-2.068488169009356,0.92011677083417,2.2639033056431495,2.723049971514388
705,-0.17384742935905706,-0.3065081253292874,0.35237786478101385,-2.0867391197635627
706,2.0537807663866943,-1.8045419352865792,2.733932521586396,-0.7208900763937403
707,-1.664327683667807,2.0233365176526377,2.6199002466295833,2.2591463273636956
708,0.9685490511764101,-2.754330272263701,2.919661369618565,-1.2326559464373898
709,-2.622053399488209,0.6682578047748393,2.705870012289977,2.8920446725318825
710,2.8386530201178175,-0.0026249243145457513,2.8386542337614253,-0.0009247074396785439
711,-3.2755086308900445,-0.5735152950169322,3.325338566921199,-2.9682577407296677
712,3.51272018416455,0.7479139889652515,3.5914590944526914,0.2097832928062756
713,-2.517204370794957,0.5945675689807786,2.586470266295932,2.9096423330875476
714,2.1731817762976107,-0.12253740639050648,2.176633742455756,-0.05632652994357905
715,-2.5079085086588293,-0.4020544681466163,2.5399316689942686,-2.982630613035821
716,2.108896238764828,0.6741090082638266,2.2140158763881703,0.30938556323538474
717,-2.8278184428882014,-0.25107574151513745,2.8389427915891554,-3.0530370819612345
718,2.155364142212875,-0.07914396402304646,2.1568167174283315,-0.03670304272564102
719,-2.3415474624504213,-0.1102356781408389,2.3441408711174287,-3.0945492569731465
720,3.1647773948615168,0.8341970036419752,3.272873446974646,0.25772582053239207
721,-3.121878971103797,-1.46755497097206,3.4496153268219496,-2.7021604439138502
722,3.2432267630795195,0.9763322102973007,3.386996371657234,0.2924081689348322
723,-2.3781278460890007,-1.308239452739599,2.7142185833216006,-2.6386625585528
724,1.5912264818331323,2.856796642733343,3.2700594450895766,1.0625971964107404
725,-2.2634863648602277,-1.518597376612206,2.72571247863043,-2.5506575782689356
726,2.624868334041139,1.008515168481722,2.8119453437272957,0.3668254569937762
727,-1.7942999480044364,-1.5566084922785421,2.3754036081563905,-2.427009317513216
728,0.7805203348158329,2.2460754579374225,2.3778282014918197,1.2363467924540723
729,-0.18360237774902544,-0.28027620181387647,0.33505907302788956,-2.1507320513098143
730,-1.6453768518731522,-2.17193204152602,2.724803438357965,-2.219120648651406
731,2.4292104014116376,-0.8747435093833928,2.5819061527357774,-0.3456385817024011
732,-2.8032479834074593,-0.33435502671670747,2.8231175215298276,-3.022879332830384
733,2.2254604785478023,1.3572690315805858,2.606693991565929,0.5476542533186132
734,-2.5273817009097,-0.30431423128698043,2.5456365438642248,-3.021762609212761
735,2.6075966653653495,-0.5507249036866142,2.665118813254884,-0.2081414107265171
736,-2.548071653995976,-0.5533552408465994,2.6074645110662935,-2.927746850413493
737,2.948331460580903,-1.110244465618166,3.1504445995584316,-0.3601438095952264
738,-2.18931917743771,-1.0920379865199266,2.446561960118531,-2.6789034640722913
739,2.2555973843769834,0.2834845700048163,2.273341826879342,0.1250249529270108
740,-2.624837106680161,0.1947010068822692,2.6320483123768925,3.067551834118219
741,2.5437963202091396,0.11348982560195964,2.5463266992325875,0.044584787018114816
742,-2.233519995150118,0.3662017369189243,2.2633416182401236,2.979081343865183
743,3.56772156891509,-0.14783759114072836,3.570783267947838,-0.041413843416201745
744,-3.395224029666565,0.015835116971743446,3.3952609564737104,3.136928748640367
745,2.785253449316656,-0.5050386088771575,2.8306714350815962,-0.1793769368468757
746,-2.767775029274958,1.9138369507996913,3.3650186458509044,2.53661362396657
747,2.4787193491193875,-0.984034021349089,2.6669031791332993,-0.37791137796798674
748,-2.6510112452690464,1.062529008590559,2.8560161968447195,2.760395608608683
749,2.6761933770380892,-0.09022846253594707,2.677713981506265,-0.03370245907865007
750,-1.6646258865506525,0.2555985394211575,1.6841347795021557,2.9892354412611217
751,-1.9830746002119213,-2.2985807544753243,3.03579616490469,-2.282639538829947
752,3.7833882169653634,0.5766781924617135,3.8270855932332193,0.15125950924631004
753,-1.7970788504260327,0.012184503230287191,1.7971201564635348,3.1348125857467024
754,1.6646287208252488,-0.06297697513241474,1.6658195813452106,-0.03781441106612878
755,-3.0154333679005276,0.5473719667307932,3.064711155428951,2.962024437352149
756,2.698688110354624,-1.7446752118601125,3.2135352980554828,-0.5739038625760455
757,-2.4200282371924686,0.6515709739591102,2.5062085713114364,2.878588324309937
758,2.5268413019213085,0.5422210187048222,2.5843627063979757,0.21137899966662266
759,-3.811828456136709,-1.480790375169363,4.089349130877405,-2.7710631399262997
760,2.8290480126117927,0.4966419465807803,2.8723101992588265,0.17378015390640697
761,-2.8855651191267953,-0.8968800162078878,3.0217345714331527,-2.8402426320526333
762,2.97214055019208,1.0640669041090405,3.156874692875262,0.34379601938993876
763,-3.3933096414192505,-0.2742526324757364,3.404374366747687,-3.060946370193998
764,2.296037757618137,0.1367853689872618,2.300108610821912,0.0595042000026005
765,-3.2812943200394784,-0.04140830073936286,3.2815555857083183,-3.1289738212648346
766,3.622548310356251,0.5587326115883116,3.665383798747032,0.15303155412187297
767,-2.9402980328550257,-1.1031949789827422,3.1404445041528546,-2.782648096221517
768,3.3419942146148287,1.5332319425169771,3.676917937631104,0.4301293235542789
769,-3.164154933835789,0.03111130830973252,3.1643078799039306,3.1317605478804937
770,2.993880454956411,-0.951403365677379,3.141415054206026,-0.30769029817681653
771,-3.6603175727008193,0.4823292304961342,3.6919596719917473,3.0105749947001588
772,1.9947557862408303,0.6386513786075056,2.09449904037661,0.309852789196009
773,-2.464050179269293,-0.4252486187028808,2.500475889438997,-2.9706949190800707
774,0.6085390748050941,0.8384474721644892,1.0360086723303341,0.9429687241315728
775,2.0285301872390846,-2.302291817404239,3.068465794664615,-0.848526564592515
776,-3.531491262742975,0.15701522153233327,3.5349801015879594,3.097160466514915
777,2.2632291555621578,0.9269164267760743,2.4456860536082554,0.38871606344728654
778,-1.9166944012370095,-1.6265540101445595,2.5138407617927285,-2.4378976249201254
779,2.107476839232959,-0.4894642234156663,2.1635697016521664,-0.22820551799204689
780,-2.4852378925754692,-0.1491551556982813,2.4897097507870947,-3.0816481075001296
781,2.531874860998869,0.3883279359649805,2.5614817777233676,0.15218966438997672
782,-2.3759038958546626,0.1067139075760224,2.378299220116659,3.09670774295627
783,2.9977294229449853,0.08922508908153759,2.999056986739612,0.029755438886016342
784,-3.259304542709174,0.7856276608073358,3.3526522222786936,2.9050631276134555
785,2.5513646087805455,-0.6744541820584118,2.6390054586214835,-0.25843863107141846
786,-3.438179445939795,0.2516067930828285,3.4473734756780128,3.0685426317745623
787,3.817033288803259,0.5247695910246648,3.852937353694765,0.13662452462499983
788,-3.2169690616126445,0.2712882843283069,3.228387720919954,3.0574613144369156
789,3.8925566289141216,0.3931167763157646,3.9123570784278074,0.1006506569435471
790,-3.1016710028425223,-0.19960699529167414,3.1080871870723814,-3.077326611557169
791,2.857909137171191,-0.25621409631230563,2.8693710633997327,-0.08941185800293787
792,-3.0692950927517586,0.9235112832184313,3.2052215924365948,2.8493222096040554
793,2.725021261998222,-0.4586061998087416,2.7633422742840597,-0.16673213485827051
794,-3.0972825255823864,0.5511152735025462,3.1459318314238454,2.965500530635272
795,3.4098175920954645,-0.7310365480886958,3.4873013127639467,-0.21119465188110004
796,-3.375503580091049,-0.01159641746573925,3.3755234995635166,-3.1381572041615704
797,2.27659274237908,-0.3224761975883439,2.299318466994978,-0.14071249257720864
798,-2.873440937080886,2.2687423562407503,3.66112751729479,2.473252564680949
799,0.07986467555679155,0.4114597872107879,0.41913902573410944,1.379079451957467
800,2.4346042788133673,-1.848059013056286,3.0565699910446886,-0.6492869216085105
801,-1.5352481345344131,2.2813792922283938,2.7498505976870677,2.1631344962521575
802,1.3910395208098407,-2.072640482335032,2.4961629589169188,-0.9797006668613315
803,-3.6060268699753806,-0.2650084450236818,3.6157515488371583,-3.068234105522269
804,3.274548129595928,-0.48730604841932745,3.310609103755116,-0.14773206784535825
805,-3.2642818582169184,0.021816217629520906,3.2643547597091462,3.1349094400174056
806,2.629509927869549,-0.6137321551364039,2.7001832565610977,-0.2292967934201401
807,-2.9978713073545578,-0.5949240414214501,3.0563322775053363,-2.945689051156799
808,2.277254742687319,-0.6315898895085184,2.363217076703126,-0.2705469344314569
809,-2.852391919111824,-0.19868048173270836,2.8593029909465653,-3.0720509818299324
810,2.9078762023909803,-0.37089734199423674,2.9314346055694607,-0.1268642034220274
811,-2.7222456577003413,-0.7964085062845925,2.8363511647450883,-2.856979399641624
812,3.0342344709358713,-0.4065113731736574,3.061344528329835,-0.13318187619857222
813,-2.985217994195523,-0.17910682842193637,2.9905861848233206,-3.0816665850186746
814,2.7531109243011542,0.6741392651558726,2.8344458912336385,0.24013948794564227
815,-2.736760685225022,-0.11689176735683304,2.7392558722158715,-3.09890687395893
816,3.1532499166180514,0.8650744184108135,3.2697612735550825,0.267756001619838
817,-3.182384734198763,-0.6768227934097695,3.253561385641945,-2.9320370857348586
818,3.163898016277699,0.7237493616710253,3.2456222509597716,0.22488317684952744
819,-2.763449415269747,-0.05656508010667949,2.7640282703044448,-3.121126499264096
820,1.3708374428148318,1.8099482609834467,2.2704862919780227,0.9225821143298557
821,-0.9092916434570952,0.11604111798089889,0.9166661518367317,3.0146617058371117
822,-1.8395914803421647,-1.098416476432476,2.142572185539104,-2.6033096758799217
823,0.692696359313004,1.2534492585323278,1.4321184622511969,1.065934517282371
824,-0.13770259214004454,-0.27885147734707516,0.3109986339210091,-2.029488173119586
825,2.6938813343822403,-0.3364181920117062,2.714806409976495,-0.12423913837843764
826,-2.5949861924456172,-1.966704462019834,3.2560527913275803,-2.4930633943996074
827,2.5160344640491985,0.06811805541053673,2.516956394885746,0.027066966161598326
828,-2.176360049425057,0.040965255873743445,2.176745556311586,3.122772045790771
829,2.6838036662470586,0.07163833951221932,2.6847596113338006,0.026686502218618777
830,-2.6700958101898777,-0.14973736396564163,2.674291104902553,-3.085571933545228
831,2.943694954990974,0.6184259232508111,3.0079545559379604,0.20707352737888773
832,-2.259387351497935,-0.2572632092076219,2.2739867112453975,-3.0282168001890635
833,2.2698239724251152,-0.004786788721958146,2.2698290198034736,-0.0021088779059114725
834,-2.235269205699865,0.1438328238783697,2.239892029356534,3.0773342634420935
835,2.91234013269343,0.3442955957086724,2.9326207572274283,0.11767340148105522
836,-2.7848612920558935,1.03005468824756,2.969253286058971,2.7873213863358832
837,3.446172082525436,-0.7067327904835565,3.5178932984845313,-0.20227309136042915
838,-2.795590985426884,-0.8285278539251522,2.915782461455222,-2.853469928159411
839,2.962876755487855,-0.4000831973471577,2.9897667522751274,-0.1342201627808499
840,-2.863197969871976,1.796710569795323,3.3802472522425395,2.58118411252898
841,4.491419837681633,-1.191963175741762,4.646894486713088,-0.259407039803101
842,-3.6267591398026298,0.9782295064903792,3.756369899984601,2.8781366638082946
843,3.6973359009394926,-1.1820781922567676,3.8817008664997714,-0.3094405793011879
844,-3.7394704905935896,0.5859310403249083,3.7850963969278895,2.986168146965608
845,2.625402487944598,-0.5657346602866937,2.685664522898455,-0.21223961428381038
846,-0.6702563436143691,1.2755254390667687,1.4409055180204482,2.054615384616595
847,-0.04306723368733856,-0.2698276617201145,0.2732430303719097,-1.7290714473804931
848,-0.9506716920003555,0.2411603053244562,0.9807828295983795,2.8931594894703587
849,-0.1741492081503111,0.2919179189341321,0.33991766369845344,2.1086892824844505
850,1.5559761137725445,-2.9916333274445606,3.3720812019445385,-1.0911910559080276
851,-3.097695690510477,0.8834195603707258,3.221202991221259,2.863781442824658
852,3.5668230457303025,-1.0968692132458955,3.7316683548406955,-0.2983414648261135
853,-3.4882852652277734,1.1142882040617224,3.661935593824159,2.832400282103795
854,2.9364939326300146,-1.2519168070813294,3.1922237246511402,-0.4029970185182796
855,0,0,0,0
857,0,0,0,0
859,-4.031281976380342,1.7762613623725656,4.4052626256043625,2.7265668974069732
860,3.9188873461284857,-1.5657263822031382,4.220092076669998,-0.3801040702741654
861,0,0,0,0
863,0,0,0,0
865,-3.266538681291081,0.6181328021779109,3.324509455167663,2.9545723024476134
866,4.117039834004345,1.071610890647662,4.254217542126072,0.2546366266719406
867,0,0,0,0
869,-3.3393751948565296,0.44934890420643114,3.369471936332844,3.0078353170840315
870,-1.089445815854674,0.4844229712135757,1.1922909882753645,2.7231960061658627
871,3.7150454394080725,-0.5267137662124242,3.7521980236102137,-0.14083987716526206
872,-3.108234402222024,-0.058587094794120276,3.108786507117032,-3.1227458903384506
873,2.889768710243402,-0.23124819137171926,2.8990065409920183,-0.07985291844720731
874,-2.7979009770293715,0.24627735957380992,2.808718998956741,3.053796746018865
875,0,0,0,0
877,0,0,0,0
879,0,0,0,0
881,0,0,0,0
