554,-1.1217284328068473,-0.49755948054729515,1.227126771629484,-2.724102938950942
555,1.5003111583608018,0.24496535387493168,1.5201781463042419,0.1618482039885097
556,-0.03770419110126966,-0.07309687013679422,0.08224815165337408,-2.047012812049711
557,0.5541885114575393,-0.3560023925638234,0.6586824802153841,-0.5710033358524879
558,0.37030513308239676,-0.14074577011882639,0.3961505564725526,-0.36321737416242117
559,-0.11332235924002987,-0.7707257747484277,0.7790123086096205,-1.7167836077632694
560,-0.18942034857224144,-0.7907154112950252,0.8130872832068463,-1.8059211208637251
561,-0.20330063719984537,-0.18828525267809937,0.277096527336448,-2.3945207734851595
562,-2.7842467621300244,-0.08412048389016036,2.7855172389058085,-3.11138882853708
563,-0.7390685785907891,0.22539959002273235,0.7726754422411943,2.845575249730303
564,0.5889987429296326,0.3351321892922101,0.6776673988561625,0.5173030468926538
565,0,0,0,0
567,1.111316712475812,-0.15087253332347927,1.121511193318859,-0.13493520541941173
568,-0.22177600839769696,0.2819303601037859,0.3587050680560086,2.2373339696052073
569,1.333173484748258,-1.0478627138276124,1.6956909528171642,-0.6661404697078475
570,1.3703693619865192,-0.1563530251706311,1.3792601120714496,-0.11360427554164121
571,0.42974818199901677,0.5098484476752105,0.6668050236225593,0.8704421727390934
572,-0.3276249937461557,-0.5633906224029488,0.6517262691795924,-2.0975195116838443
573,1.059777059183702,0.4998996870425003,1.1717623958282861,0.44075458958571845
574,0.6150488516309593,0.6303470995332532,0.8806943600265343,0.7976813882566154
575,0.021641453040075476,-0.27671481105466,0.27755979382234375,-1.4927466902128255
576,0.7218288599863172,0.5868958004464275,0.9303137017645173,0.6826584735778605
577,-0.415316671758589,-0.10914215840335828,0.4294181512018039,-2.8846105816311236
578,0.1958789029199579,0.4088485628435592,0.4533494148538962,1.124008960183561
579,-2.6929352061410583,-0.4590066843897489,2.7317736291260397,-2.972766655973622
580,0.4247300347858669,0.30263883875267084,0.5215226449261516,0.6190952396686461
581,-1.2192032194469107,-0.22539778706112656,1.2398631588694637,-2.958783663398672
582,-0.32119191795530355,1.1378222424085607,1.18228748766087,1.8459240879275591
583,0.260691445318443,-0.09952057123962277,0.27904188531845825,-0.36468070325935625
584,-0.00810497576512148,-0.011695222874436695,0.014229155640302549,-2.176819600881279
585,0.1133635038606684,-0.7349631406353865,0.7436545583133332,-1.4177585746738905
586,-0.10692036610390687,0.33887306018988284,0.3553405628551987,1.8764278284491123
587,3.6777406245499975,-0.2601260617502703,3.6869284871647716,-0.07061226090765739
588,-1.2905791280008145,-0.7044562153143374,1.470324129206327,-2.6419450271776377
589,2.312419374786103,0.8605669820489084,2.467358688046575,0.35626974440677633
590,-0.1034954036390161,0.23628125780874143,0.2579537388100506,1.9836413227468075
591,0.1673932626382708,0.7857602889498025,0.8033926412826808,1.3609005415419577
592,-0.16672404208530622,0.130284958188156,0.21159176860018095,2.4782712280220784
593,0.19723341462135124,-0.10200125375740754,0.22204791287305742,-0.4772812618275692
594,0.17739294938614592,-0.42929784865157217,0.4645050068070138,-1.178948601101465
595,-1.1970475299240633,-0.53500653700047,1.311165429505574,-2.7212876510390527
596,1.1954644344828012,-0.6377175677582159,1.3549239500210846,-0.4900462411860993
597,-2.5342825006896135,-1.1828417275207812,2.7967306530422174,-2.7049082854864697
598,0.14087623235559477,0.370976676584462,0.39682465575158005,1.2078728800729353
599,-1.3806067585116466,0.6966638644086061,1.5464202409502952,2.6742662233021344
600,0.8605579818632236,0.31784428715275226,0.9173794367785587,0.35380520142573324
601,-1.01275418249476,0.3565883565127592,1.0736974854031744,2.8030503371307183
602,-0.2660853888146164,0.4006934664816413,0.48099551788109185,2.156993676778375
603,1.2097664235401737,0.11611583744007703,1.2153261649572076,0.09568890238722298
604,1.4572254589502336,-0.4844081391369741,1.5356292793102329,-0.32092663120898546
605,2.133702741033318,-0.1927040204068362,2.1423870393964886,-0.09007001022693749
606,0.333506616512409,0.4336992717197745,0.5471030264473208,0.9152574684080107
607,0.10598944953910916,-0.29810320680218183,0.3163847109443624,-1.2291891799993397
608,0.215925477729769,-0.2087452435138175,0.3003304656914978,-0.7684920058421543
609,0.032863966307346004,0.07746943105416904,0.08415196390641767,1.169587797923462
610,0.4805173385359609,0.4404952295316207,0.6518688210627951,0.7419710183511636
611,-1.5477972004793514,-1.1924110593027422,1.9538475652310252,-2.4851676962154796
612,1.2613845550256144,1.6655037836492852,2.0892567695252904,0.9226019653719789
613,-2.37124620274696,-0.38690344969194257,2.4026033450042066,-2.979853310630272
614,0.290568270950601,-0.857246870930453,0.9051530908102092,-1.243994668708859
615,-2.099883527145394,1.0316692371076783,2.3396265177098075,2.6849305943408805
616,0.5554926184843794,-1.845334876334391,1.9271307311665948,-1.2783990893092025
617,-1.0591513153049306,0.9971139396868125,1.4546606880746866,2.386355269835183
618,0.27300334213758504,-0.21677598536467713,0.3486009934712149,-0.6710971402084581
619,-0.46064276550788463,0.3056276305123333,0.5528110038225861,2.5557988944318675
620,-0.4128231445176027,0.4311046665515619,0.5968870765663593,2.3345354537206515
621,2.5027407854549892,-0.8245901496673014,2.635082608592793,-0.3182739107412089
622,-0.26718132532487004,0.47265180776395255,0.5429416101063598,2.085296229131097
623,1.1822485387608452,0.23416028686767731,1.2052147722908588,0.19553285186812738
624,1.3034087463331758,0.2930922702685166,1.3359556275973294,0.22118686570157672
625,-0.17735366019456933,-0.11873997727803953,0.21343266616991904,-2.551624450256853
626,-0.14821118168198666,-0.09175014665504477,0.1743119152175005,-2.5872833646924516
627,0.4391220941596998,-0.11770086684231273,0.45462259912440794,-0.2618810950567312
628,0.4539106458279605,-0.043072354310197625,0.4559496705797465,-0.09460841679010178
629,-0.6694432392958163,-0.2395435016738361,0.7110100841992599,-2.7979639002238392
630,-0.5758914774141886,-0.2296292172657104,0.6199843313990764,-2.7621755776505976
631,-1.5089253485586056,-0.06076051202586541,1.5101481872135447,-3.1013469889075456
632,-1.0080421651808962,0.9637637338314562,1.3946288185145677,2.378646492684624
633,0.2934373966048298,-0.1694027315872404,0.33882560587334426,-0.5235644532885653
634,0.7118382100321554,0.2604011866239375,0.7579725689343498,0.3506939666266882
635,0.6761809067516396,0.5630380950289577,0.8799048329844013,0.6943488908632198
636,-1.059836265215779,-0.11845091722659618,1.0664349623199498,-3.030291132572722
637,2.180015287227917,0.10948391680176428,2.182762786146418,0.05017946859199799
638,-0.13766453072901186,-0.0023723674224811475,0.13768497066864743,-3.1243613986891448
639,1.8701529466234064,-0.40187624915193965,1.912845148828478,-0.21167054876461552
640,-1.3192028778629634,-0.09240742876022523,1.3224353919386764,-3.0716589573983617
641,1.9174163364949095,-0.18532330109206896,1.9263515082625033,-0.09635332231087061
642,0.01724368907142093,0.02328146208930093,0.0289719051808368,0.9332985180975786
643,0.1348806493242023,-0.05797133654056097,0.1468109853601474,-0.4059269616695278
644,0.24138932905420063,0.5222513434246707,0.5753392685104246,1.137835815622713
645,1.0196052253001824,0.22615064998865364,1.0443844751573657,0.21826862380035617
646,-0.28904674074966863,-0.6558220628584763,0.716694214062004,-1.9859226539997208
647,-1.9604312728099416,0.2479773509390384,1.9760525149878863,3.0157696476013194
648,1.5480447559007189,-0.10258838121745839,1.5514402799439413,-0.06617289153388599
649,-1.6639657231273475,0.7392392985303786,1.8207846298325354,2.723519400728809
650,-0.2739087102455926,0.36056589547285967,0.4528065221775733,2.2204533727965092
651,1.1851104223685525,-0.3028992399803201,1.2232067130241004,-0.25023039891406623
652,-0.4446888245325056,0.4581682070363513,0.6384874756821831,2.34126590164852
653,0.03967848361763515,0.17625116237434213,0.180662265845698,1.3493632311196673
654,0.790112098118712,-0.7752681869346816,1.1069407794758226,-0.7759158245513729
655,2.1791937044361163,-0.37793930325767633,2.2117240601849275,-0.1717226886806421
656,-1.6651212797239054,0.7420418211164588,1.8229796873457498,2.722371832569294
657,2.3251989458634057,-0.40317493054624265,2.35989409984119,-0.17168670794362234
658,0.4940723751021494,-0.19821111683154413,0.5323487190504802,-0.381521742358664
659,0.50945177519543,0.9813685945995303,1.1057239391982214,1.0919670012887865
660,0.3384350060257475,-0.08302630958274904,0.34847040245418004,-0.24057312647464152
661,1.128903233512176,-0.04926252187277669,1.1299775691116671,-0.04360983917806927
662,-0.39786834137186133,0.4283603661179427,0.584629643728997,2.3193061654996803
663,-3.0628105154719947,-0.07927358270183049,3.0638362480067713,-3.1157158037658244
664,2.492346507241024,-0.7684675552795852,2.6081283510736033,-0.2990822311490755
665,-2.787865262455014,0.8715568968816001,2.9209252209026593,2.8385937406074992
666,-0.411356532799914,1.0451923300296357,1.1232280284207414,1.9457474952075566
667,0.5215268133864157,0.20925636608518516,0.5619416729769793,0.3815731470488031
668,0.6088410991636692,0.013903823178054608,0.6089998360671303,0.022832569894700012
669,0.802398710804141,-0.602360146858075,1.0033351571748244,-0.6439485076666727
670,0.5733057318493877,1.6544294584972477,1.7509472565770958,1.237218161053176
671,1.942914112462006,-1.9692539079968583,2.766383234941414,-0.7921308490617353
672,-2.256058039708819,0.566886932259024,2.32618973269612,2.8954160401797635
673,2.3410459290496703,-1.0216154108838964,2.5542502010718344,-0.4114806783819277
674,0.21432984117237197,-0.02432354758747124,0.21570562297773826,-0.11300304475420458
675,2.0682699795598296,-0.018689865852195453,2.068354423070183,-0.009036227057928128
676,-0.8118153617801624,0.045955385832712636,0.813115046662703,3.0850448295761024
677,0.3707788744825109,0.6152983063070678,0.7183794119452922,1.0284671172999815
678,0.5109591595671361,0.5672279201030506,0.76343092424265,0.8375391693653695
679,-1.7219289571572745,-0.3849613365508162,1.7644360470517853,-2.9216454301479593
680,0.8642080423635434,-0.3121514702908712,0.9188547659399611,-0.34661701120804844
681,0.1545699974174113,-0.48743958297046674,0.5113601775148716,-1.2637208001684646
682,-0.7514031681906488,0.1113373702776812,0.7596069583589226,2.994490359595854
683,1.015501939430635,-0.31014479550321994,1.0618069425112624,-0.296412990945941
684,-1.6302981088158788,1.5385373559632853,2.2416442892000346,2.3851436480010433
685,-0.1422470094107382,-0.3421388298688157,0.37053095766791344,-1.9648130822996255
686,-0.00885224883910496,-1.0978537239633397,1.097889412249559,-1.5788593836560318
687,1.0067762864338476,0.4337140691084187,1.0962236928054927,0.406768705852964
688,0.5550063996448387,-0.2445612442514289,0.6065000460317653,-0.41504780599569197
689,1.1985904364643147,-0.21369149437265378,1.2174904883205184,-0.1764319106631062
690,1.904532228831215,-0.5375698500454291,1.9789452630971531,-0.2751015066458533
691,0.7347615609539275,0.5467123696372482,0.9158433089616516,0.6396936351199617
692,-0.463360687407544,-0.1599660159947689,0.4901961371818737,-2.8091735700096834
693,0.5451654558014809,0.33428667618369445,0.6394942971389023,0.5500571818121798
694,0.22870804192783112,-0.8523561044804637,0.8825068256322858,-1.3086467872161842
695,0.598744028740299,-0.3514524163168744,0.6942717140191825,-0.5307930042643952
696,-0.1647051753903952,-0.36533715321348836,0.4007480883529162,-1.99434078268331
697,-0.9046246711019705,-0.11801954559530259,0.9122907479027013,-3.0118629177667113
698,0.6048588598567051,0.259888069485271,0.6583282228553886,0.4058172360532093
699,-1.7261316267091615,0.41711881504704706,1.775814882973974,2.9044886104740266
700,0.908425169625275,-0.7415149023663048,1.1726383241392122,-0.6845797308398646
701,-0.8452134054754197,-0.5656530253362462,1.0170295206469693,-2.551808660931948
702,0.41853909687370106,0.2524220810497013,0.4887656724989137,0.5426978127581118
703,-0.22788624884651654,0.1007767582148631,0.2491748330181711,2.72522407449608
704,0.7568873794785702,0.03931511676745458,0.7579077672252579,0.051896512445134234
705,0.9694870168329714,-0.6931247279184163,1.1917747120406914,-0.6206823768145079
706,2.0196332773902554,0.20418069083115142,2.029928158741188,0.10075556739787415
707,-0.1497753700238036,0.11288258355767766,0.18755036426630411,2.4957410015729145
708,1.5141494657615908,0.22098739700658143,1.5301908489799092,0.14492497616124675
709,0.4875967755345698,0.3732524553265648,0.6140586380135198,0.6533438113546746
710,-1.0744521103896147,-0.1201400162337336,1.0811479829428248,-3.030240040253194
711,0.40357242996000764,0.39546745296331665,0.565035585230805,0.7752551164513192
712,-1.0089661246000219,0.11781509823282477,1.0158213612451734,3.0253509166358428
713,-0.5144666846209702,-0.21818655685581234,0.5588213875447928,-2.740482525060707
714,0.3985837076498342,0.34758749778654874,0.5288535152775318,0.717160428960194
715,-2.729874887459374,-0.38083650947112346,2.7563115477259603,-3.002980320377955
716,0.25916983079031297,-0.31668198609372666,0.4092144688401752,-0.8849412553592861
717,-0.7220441618538871,1.0718516952171626,1.292367528301136,2.163612372044991
718,0.13875307267377934,0.663828153932684,0.6781741908463417,1.3647433405300224
719,-0.5359231411862879,-0.7785685526607153,0.9451891897663551,-2.173656691375121
720,1.0071183278025728,0.033670005614737875,1.00768099886519,0.03341957818252862
721,0.42255569005791926,-0.030059161822293845,0.4236234936943219,-0.07101693815839483
722,0.516886388652182,-0.13641751167392613,0.5345851440745434,-0.2580378754980587
723,0.659511555983471,0.25752509184309247,0.7080075320252831,0.37227134657777067
724,0.9987523585086535,0.2798440979298107,1.0372169458569154,0.27318829270867107
725,1.3381669544939143,0.30457319287347673,1.3723904793886694,0.22379232041784483
726,-0.08262242944670106,0.5068000366597971,0.5134907428630499,1.732402283634085
727,0.025355417769134192,-0.3330970917324976,0.3340607276093603,-1.4948226369069804
728,0.17054255000238072,0.6381945574138967,0.6605884153344154,1.3096712657541567
729,-0.351169313454335,-0.4770285727716441,0.5923479939634647,-2.205380780273469
730,0.6235432066723661,0.008013338104660761,0.6235946954351334,0.012850588239710524
731,0.07222976859299024,0.2650211869469672,0.27468776638535664,1.3047154524850988
732,-0.5822986846901586,-0.5387831093540854,0.7933214966942121,-2.394990714455326
733,-1.825154960458491,1.0505669321497635,2.1059158360705683,2.6193043906693383
734,0.7555760199055896,-0.6992312724134422,1.029475348989617,-0.7466874692450748
735,-0.42350216854595146,0.8050576172727233,0.9096547993013383,2.055067663939716
736,-0.5516411644350114,0.08960441676697428,0.5588711173458196,2.9805665779638355
737,0.18516909661579461,-0.3306025521889637,0.3789269611090849,-1.0602350884822904
738,-0.3548279709550002,-0.5902936827055214,0.6887303687322704,-2.112027292361455
739,2.395003526603375,-1.1331138161091303,2.6495261487103687,-0.4419098101251434
740,1.0096218315793521,0.3286193794546648,1.061756534877377,0.3146728467378617
741,-0.40687008365142674,0.45218247321139415,0.6082863257135509,2.303496391678169
742,0.8783570522112996,0.4802305508673044,1.0010656787422283,0.5003347975046292
743,-0.03239687329843832,0.11927582680652904,0.12359725021171053,1.8360110157597107
744,0.39819801727216486,-0.29471186725805865,0.495395544653174,-0.6371438901953189
745,-0.6210829394610187,0.06256836155000656,0.6242265754969037,3.0411906385105905
746,-1.5044775329740787,-0.958000267227078,1.783596691864762,-2.574577040214098
747,-0.36391994642676195,0.958008389186773,1.0248013471690467,1.9338309207125872
748,-1.2499376249120644,0.04704549280631909,1.2508226671132092,3.1039721393889734
749,-1.521201520877753,0.811868882593842,1.7242926519720956,2.651348045953761
750,0.3624963897583484,0.06992249734599909,0.3691785316387421,0.1905512805157438
751,-0.8106557531109502,-0.09099891641096747,0.8157472358763174,-3.0298071525870625
752,0.6076144252889435,0.6025133247278518,0.8556971405198354,0.7811828478265415
753,0.17946506538450535,0.0005681389407072857,0.1794659646710783,0.0031657249925552073
754,0.09181594502695134,-0.29307186187924117,0.307117703798653,-1.2671935785372934
755,1.4692474981392252,0.4914847790729482,1.549272570869554,0.32281334181770927
756,1.2671024392368224,-0.6396410511797512,1.419397501010285,-0.4674850994163205
757,1.8035113561283538,0.002677777851886276,1.803513344053256,0.0014847568744514915
758,0.27614967683464897,-0.09930697215526152,0.29346297676968885,-0.3452128058558673
759,-0.1526888703100724,0.77451945671055,0.7894265513268297,1.7654405102729143
760,0.12343495376563851,0.02702597049301403,0.12635897630249535,0.2155476877018623
761,0.02446108290737925,-0.21680933793953727,0.2181848610577328,-1.4584483991615265
762,0.016202427854352663,0.056373484257619566,0.0586556765856433,1.2909275911675893
763,-1.3521959275059885,-0.6125866366519972,1.4844851679179507,-2.7162210288642084
764,1.3238739625597589,0.9161077255494092,1.6099365309089018,0.6053299647349276
765,-2.4168026777102227,0.6786753483532948,2.5102859222506444,2.867828014413235
766,0.06276298116216594,0.3678096354070135,0.3731261444908445,1.401784357341123
767,-0.3605097320131847,0.16020611974209942,0.3945038246697212,2.723415642125228
768,0.26665740738897625,-1.285753831888428,1.3131142711627144,-1.3663015319619802
769,-0.36419372503473824,0.015286818774143285,0.3645144114886434,3.0996428628587065
770,0.5830858840003827,0.6198346701195305,0.8509901094623221,0.8159383018002558
771,-0.5399913628677666,0.09468025586221529,0.5482289875790248,2.9680203966157217
772,0.3640529833589312,-0.6395332246670478,0.7358921932902746,-1.053295602343615
773,2.5431556772766157,-1.0305234425728713,2.744015190292598,-0.384993498810406
774,0.48477430195245574,0.6611346188709035,0.8198201681485188,0.9381042986527929
775,1.2457650506246125,0.23949664150234184,1.26857762972892,0.18993134467479664
776,-0.10103603936525474,-0.15789702858432975,0.18745600253493605,-2.1400283760863057
777,-0.2922211760441371,-0.4451060312333084,0.5324590075948433,-2.1517416386718913
778,0.245646138495772,0.13947385717506222,0.28248005627508227,0.5163940780199716
779,-1.1828920079651937,-0.8042073163437635,1.4303785898036807,-2.5445080601292775
780,0.9866722548432278,0.36360473175778907,1.0515372268417669,0.35307418075343
781,0.1939603542466557,0.5017151227993395,0.5379021132743805,1.2018994805705683
782,-1.0223353122646586,-0.98868753174321,1.4222069209955905,-2.3729246040555942
783,-1.259511549165694,0.07186607776532128,1.2615601751859236,3.0845957657963785
784,0.7411255375129713,0.1304218339801082,0.7525137321887392,0.17419450512835938
785,-0.7889976137775534,-0.25750187194449836,0.8299544858614802,-2.8261258919522283
786,0.1470250692116224,-0.5717736252194641,0.5903739911897292,-1.3191103486322246
787,-0.31653511297560044,0.304295842529541,0.4390790788995068,2.3759062733903806
788,0.7676446678991056,-0.41687525564236694,0.8735349534625486,-0.4974975176416367
789,0.34809686324530276,-0.17069398269813973,0.38769557894122525,-0.45590870136159595
790,0.35664139135212736,-0.2965895189891512,0.4638517271712992,-0.6937252901968974
791,-0.5149141240475217,0.13250813806263295,0.5316906636348361,2.8897175246216817
792,-0.24281972834120324,-0.11198260310084152,0.2673976886005867,-2.709483823854695
793,2.012673788094162,-1.4089864284252371,2.456847275018903,-0.6107642365219337
794,-2.0538591251837204,0.7663021672911441,2.1921579134942677,2.7844856445742034
795,2.3057931491084105,-0.6850173814809182,2.40539619593244,-0.28878066992583823
796,-0.8066004491512331,-0.14350045944087242,0.8192659314476054,-2.9655270546135566
797,1.4705360720798524,0.2985742988640254,1.5005408862240925,0.20031473582695697
798,0.012812770266947382,-0.16525669555238665,0.16575265459958033,-1.4934185923992997
799,-0.6036764852998147,0.1992065320727079,0.6356953211439991,2.822855113978108
800,-0.01772503672845005,-0.24301821570384163,0.24366376441913515,-1.6436044712791424
801,0.0035751785095214927,0.4498301705589256,0.4498443778090897,1.5628486535012842
802,0.43038311824471975,-0.22286662319334027,0.4846639662731806,-0.4778120941510754
803,-0.45502521128324247,-0.24329019865155033,0.5159826195360366,-2.650592053348223
804,0.42106558647540737,-0.8769806134622513,0.9728264102616178,-1.1231698806389787
805,-1.6015688827042993,0.39475911936676766,1.6495022426083341,2.899927063245849
806,1.2353368671838894,0.2138179378048335,1.2537046246827113,0.1713866981393949
807,-1.560889817802945,0.5767174870511553,1.6640252651902583,2.787670242658451
808,-0.6862816889773455,0.47589155426783236,0.8351379095987986,2.535286517672337
809,-0.5638658902481666,0.634644424774649,0.8489512872261298,2.2972075759161843
810,0.2137321932233931,-0.2998247778222094,0.36820693613268485,-0.9514935172898085
811,0.14514003694938538,0.22929336629175623,0.2713688968011523,1.0064731698773788
812,0.05336672418599164,-0.15632320057341076,0.16518156763954783,-1.2418149788051784
813,0.7325962416012146,-0.12917791782422228,0.7438979685828069,-0.17453482421197838
814,0.23985486161325298,0.04371017623947182,0.24380511509482,0.18025786024137777
815,1.1974528603521435,-1.5552746044141372,1.9628480450358559,-0.9146614405814084
816,0.8762558367969859,0.5343764872047245,1.0263442510181693,0.5476239179905104
817,1.3265998459866637,0.2572706639526814,1.3513161532012017,0.1915545595492686
818,-1.258479379349751,-0.30900561070268395,1.2958606467110085,-2.900817083743344
819,1.9023864752960833,1.5873034728126072,2.4776211607492415,0.6953526402875819
820,-0.4490539714172428,-0.28840132667073703,0.5336897923616669,-2.5706905496965518
821,0.4952557431471405,-0.2752074063697023,0.566583945802354,-0.507199294286055
822,-0.014371540169094033,-0.5195289698978627,0.5197277092189392,-1.598451908832787
823,-0.7722978290601077,-0.29261411818487204,0.8258734521293596,-2.7794179867672377
824,0.4434299270257043,-0.5264986825794722,0.688353806512277,-0.870833877733178
825,-1.8836887282515988,0.45981955660772655,1.9389990328984312,2.902169013457333
826,0.5731010408233033,0.20293175927361062,0.6079688330125453,0.3403175544942365
827,-1.1114909641665918,-0.2517584383517715,1.1396466446689968,-2.9188460411925865
828,0.9596882217278733,-0.1255378467624837,0.967864264188408,-0.13007251560516403
829,-0.8342385002349602,0.553027307080356,1.0008961372943879,2.5561934461312577
830,-0.16155054403975555,-0.8206558579621515,0.8364057720312168,-1.765166420472236
831,0.5826829078795583,-0.3726242130264268,0.6916416523522436,-0.5689565649295515
832,0.5608233906109774,-0.4643794114087427,0.7281285004700223,-0.6916011325053006
833,-0.6679737479907715,0.028886831755812636,0.6685980683891686,3.098374122528781
834,0.38840241749264237,-0.4411784792826552,0.5877881323200436,-0.84893028626649
835,1.076760842175787,0.31593568222552904,1.1221538515490737,0.285402819015304
836,-0.7019641705560105,0.04440727598648664,0.7033674025037895,3.0784153858527805
837,1.8627855862279432,-0.03308173130170644,1.8630793169386268,-0.01775741357427172
838,-0.2496452671076952,-0.20214588382708598,0.32122533794441904,-2.460945375728589
839,0.32397132420976504,-0.2513785529552024,0.4100592588834938,-0.6598898343870803
840,-0.7336399370975073,0.4737233008257249,0.873293377422304,2.568234684526705
841,-0.11154069298953573,0.5254090068209507,0.5371181905699747,1.7799837253929889
842,0.287869224943222,0.19032433221349265,0.3450971487884582,0.5841726612800653
843,-0.939663613959766,0.35516520309676025,1.0045446873537738,2.780220184285834
844,0.4089821583185369,-0.4447372654753394,0.6042000009312904,-0.8272552683589898
845,-1.2426057259583274,0.12662857872390987,1.2490411470940657,3.0400375495857266
846,-0.9889577370173583,-0.3428109848705958,1.0466884813326467,-2.807915479149605
847,-0.07396786287432633,1.2313500743474037,1.2335697184729981,1.630794767760496
848,0.34315121103037427,-0.13739538860590983,0.369635288415191,-0.38084523924412483
849,-0.8779085342297606,0.1613444210063335,0.8926115709889244,2.9598381374732834
850,0.2817616432408272,0.3608511030267323,0.45782435732208543,0.907857167068763
851,-0.15830261790688382,0.12278341752352162,0.20033842980049607,2.4818924300775183
852,0.40544450909530383,-0.46608476132036003,0.6177542024871938,-0.8548653393468039
853,0.022188029964127054,-0.11789877821991013,0.11996845660187747,-1.3847764967017206
854,0.2226475032792905,0.48261488871486335,0.5314969816713558,1.13855567473814
855,2.0757224366121534,-0.6820547426867734,2.1849078483717834,-0.3174724999348516
856,-0.31846942281893575,-0.23301878528252473,0.3946144036463563,-2.509917606389079
857,2.3204106127906527,-0.2229404088498086,2.3310958448441395,-0.09578399437306542
858,-0.6086967697458192,-0.43293706795441267,0.7469580057191693,-2.523354564299505
859,0.7531577591639973,0.8747502407083516,1.1543113071473625,0.8599522016761553
860,0.020459050170359205,-0.6520790531028524,0.6523999266013033,-1.5394315087454302
861,0.9319468061526379,0.2978243274246779,0.9783783416981716,0.3093148692980377
862,-0.3241438513174728,0.5120418337280057,0.606016563993479,2.1351575743801856
863,0.40827017096904683,0.09723211550601718,0.4196887141547533,0.23380097119605775
864,-0.615257594750318,-0.05768788872580899,0.6179561476379921,-3.0481038060058387
865,-1.0224702209724512,0.6322298962995205,1.2021480751348212,2.58779996387437
866,1.0809780357190562,-0.6174678555275932,1.2449016291727124,-0.5189829977554518
867,-1.3114673975581468,0.11451287789509479,1.3164573422871533,3.0544969472273427
868,-0.027332904703712302,0.4725532610941059,0.4733430809151185,1.6285728498148202
869,-0.2160457464716501,-0.008029188445107138,0.2161948945640936,-3.1044454519517832
870,0.933819136801759,-0.49867855398343863,1.0586304739899544,-0.49049215798057166
871,0.2682675402577104,0.9037692041940204,0.9427439989760821,1.2822485640432053
872,0.3434853629226211,0.31157995646668724,0.46375021704994107,0.736730935526379
873,0.5458304104363094,-0.38039957449808526,0.6653079536841524,-0.608655173276719
874,-0.08947399359212227,-0.19269902863760535,0.21245825747002584,-2.005494664485824
875,0.2325787053997317,0.004348172938364314,0.2326193474612916,0.018693312631524104
876,-0.03260345426807021,-0.35219800001755175,0.3537038541584945,-1.663104627446259
877,1.7851090875117563,-0.0020282445879047373,1.7851102397592042,-0.0011362015516607317
878,-0.850823664531049,-0.2969184764337456,0.9011445443289215,-2.8058288688687374
879,1.5781477953157435,0.22771550903871685,1.594492024726591,0.1433038048545441
880,-0.6405005504214785,-0.8580184241916982,1.070717783238245,-2.21204603353615
881,1.5975052924964643,1.005103594411878,1.8873940751877682,0.5615928821090402
882,0.05530811085080245,-0.94140464967262,0.9430279431443764,-1.5121131581428973
883,0.04346386392975887,0.24444707824983425,0.248281053511107,1.3948305068315885
884,-0.03937877369440912,-0.3376191744832795,0.33990792105575685,-1.6869083522731083
885,-0.27535264979127305,-0.20065924186900475,0.3407098664472739,-2.5118403217438368
886,0.03882751690835562,-0.240913556127623,0.24402237109602473,-1.4110025852366412
887,-3.086409524896254,-0.5963594428549186,3.143496196983949,-2.950723682739677
888,-0.029058323335988234,0.4381060552444751,0.4390686754904908,1.6370264624361706
889,0.9181798835676034,-0.685831485071617,1.146044992355779,-0.6415441668497271
890,0.789752766405627,0.15985705210044898,0.8057690172447601,0.19971567583555366
891,0.02492897617867129,-0.5714539841815736,0.5719974736747627,-1.527200199470675
892,1.1927120952189227,-0.139559621547221,1.2008492953105798,-0.11648065012741532
893,-1.007622594348419,-0.1847637213361395,1.0244222397836826,-2.960241278131703
894,0.28121641656844076,-0.8037571766724909,0.8515328954304282,-1.2342307926363452
895,0.13502841152492806,0.5046038723318134,0.5223578657311541,1.3093293977023732
896,-0.269360569524963,-0.7149334061163017,0.7639927300674197,-1.9311118847244904
897,-0.3164152652174721,-0.08769348116567244,0.32834245339522783,-2.871231668684856
898,0.9340269987770569,-0.17624914695562666,0.9505104924444876,-0.18650513601927154
899,-0.07400923323066877,0.4074634182985619,0.4141301774260605,1.7504715867681235
900,0.040697711391231906,-0.17356002677564675,0.17826773854752076,-1.340469801940957
901,0.5060489641663253,0.028431158348780627,0.5068470034427196,0.05612362180590592
902,-0.22811256888488174,-0.40067911302236325,0.46106300621026586,-2.088347568991803
903,2.773774542004702,0.8379158530194104,2.8975728095450237,0.29336859545106414
904,-0.30149362265689206,-0.5149297644147737,0.5967001481339105,-2.1004890787568202
905,-0.6657118350082953,-0.853846088390469,1.0826935808112175,-2.2330127934813477
906,-0.16685777363517218,0.3794511784279848,0.41451744647586636,1.985080741991374
907,0.25158319590980227,0.8215030435238759,0.859163171337774,1.2736178459066552
908,-0.044641677139026115,0.07798742270767889,0.08986054439169193,2.0906906329007957
909,0.30905865636532326,-0.3104362863434744,0.43805015803337705,-0.7876219550901111
910,-0.32747692479000534,-0.18654418495100344,0.3768817708631621,-2.623795356686554
911,0.4500480412227148,0.5697790283390418,0.7260794588358667,0.9022663963302855
912,-0.399488742363161,-0.16628975063730422,0.43271646194929636,-2.7471511506769972
913,0.04492988721153779,0.8424470357586529,0.8436442987559286,1.517514210711546
914,0.6926410206711182,-0.5252210821533936,0.8692575962594231,-0.6487840936086624
915,-2.944029979734694,-0.05626841747880462,2.9445676518603254,-3.1224822614319927
916,1.952808515902575,-0.00776943240532546,1.952823971550308,-0.003978573089877449
917,-3.5808892662843164,-0.1956282302645036,3.5862289862565455,-3.087015719850109
918,0.15607508700469452,-0.260695433422768,0.3038446013853263,-1.0313424879615123
919,-0.10080481062047397,0.6925850599512273,0.6998826152376374,1.715330044808494
920,0.08827799168835782,-1.2640839205358816,1.2671626422736328,-1.5010739784234897
921,-0.5757676218041183,-0.33267853604172615,0.6649686929930133,-2.6176566401478087
922,-0.5472468316589527,0.11296966551265086,0.5587855045424875,2.938019483051351
923,-0.6474048876590928,0.134306841655075,0.6611893951661989,2.937040007529131
924,-0.0020660239179619566,-0.0006506829373051914,0.0021660662765693446,-2.836482290182925
925,0.1938834550347508,0.5624052709840726,0.59488694973657,1.2388153592365805
926,-0.21260344613111215,0.43458739468991325,0.48380412248160015,2.0257727802711685
927,-0.0929031767867059,-0.37718866724964073,0.38846144076165673,-1.8122936361539008
928,0,0,0,0
